// detail: https://atcoder.jp/contests/future-contest-2018-qual/submissions/2104967
1000
87 71 14
55 28 78
97 98 2
20 89 26
52 63 66
61 95 43
61 60 40
32 24 69
49 52 18
41 45 3
67 17 46
93 40 16
9 37 5
17 2 100
28 74 35
42 8 94
72 28 41
57 56 70
96 2 48
45 6 77
60 3 54
46 53 20
80 59 24
50 99 6
38 44 6
40 51 98
81 7 45
71 69 65
62 10 62
76 44 86
15 11 32
28 57 100
46 29 69
15 62 97
70 22 77
35 66 13
11 56 99
97 64 100
79 36 82
36 84 44
58 51 63
38 82 89
74 57 35
53 41 23
76 66 46
95 1 48
35 74 92
49 12 89
34 18 48
79 96 69
65 57 93
25 4 59
34 79 88
88 8 10
25 58 63
76 68 99
54 84 83
34 48 11
52 9 40
74 51 65
88 42 9
66 35 32
30 51 10
34 61 70
7 47 67
29 24 2
73 5 98
49 25 13
33 31 10
82 73 96
66 7 76
23 47 67
48 6 24
31 46 18
36 67 24
13 74 2
91 70 33
85 48 47
67 39 18
96 80 52
22 95 79
61 68 2
41 84 48
47 81 66
78 42 60
27 60 6
36 20 58
55 38 51
10 81 7
29 3 9
49 99 27
19 56 99
39 75 100
22 19 38
1 44 90
67 54 7
34 87 27
59 60 61
94 14 58
75 98 35
42 59 29
86 98 30
39 59 34
61 35 86
6 14 49
67 54 95
61 43 75
0 95 64
82 37 40
13 72 43
88 64 25
12 27 8
9 15 94
7 28 43
73 20 53
88 0 94
59 27 61
63 61 56
60 42 65
12 4 9
37 73 88
38 73 72
61 94 35
41 5 87
48 1 16
79 74 76
11 41 38
46 54 93
82 25 51
69 52 86
43 44 12
32 70 3
55 82 95
81 27 7
59 65 70
21 62 8
87 28 16
36 1 11
71 91 67
42 56 96
68 92 90
96 98 62
75 16 32
60 24 40
28 30 15
78 34 37
23 8 64
90 29 72
17 54 91
48 61 27
83 13 74
99 60 83
17 10 68
55 46 47
76 27 5
23 55 72
96 93 5
30 66 49
32 25 64
65 79 92
18 74 56
52 77 59
66 29 18
79 61 25
16 15 63
17 14 50
67 41 47
19 52 69
22 53 95
25 14 36
19 99 32
76 84 20
38 24 51
93 57 27
1 64 80
80 61 52
86 15 12
61 98 86
92 99 23
87 30 72
11 88 16
82 7 63
40 40 79
90 26 91
99 21 85
20 65 36
36 89 93
43 39 47
71 58 2
46 84 86
44 51 42
26 82 70
58 19 58
17 40 69
73 43 90
21 9 25
48 19 82
87 98 89
79 68 97
69 58 50
61 41 57
40 93 23
96 73 40
62 62 47
78 66 50
71 70 44
4 50 50
24 45 13
4 57 54
53 47 62
20 89 9
8 56 47
12 80 98
67 25 37
32 86 58
82 9 80
39 55 99
53 12 56
0 84 97
91 36 37
69 43 74
78 42 21
85 70 11
50 6 38
46 37 26
60 92 60
55 69 49
21 61 40
63 67 25
53 55 73
50 21 92
61 98 83
10 54 92
37 97 87
69 89 50
8 54 76
30 87 40
84 36 68
35 48 30
81 15 76
43 32 63
38 0 86
46 85 87
43 97 39
15 18 73
9 99 20
90 2 61
49 70 69
80 13 33
71 73 51
0 76 40
16 41 13
24 31 90
11 9 70
36 87 38
1 16 19
95 26 97
10 91 61
62 94 63
41 5 35
0 22 13
36 90 69
99 99 25
7 32 69
30 26 41
91 60 31
78 79 45
14 76 95
1 37 86
26 54 95
50 83 27
2 11 88
4 0 45
16 2 18
41 88 42
28 27 13
20 18 82
79 63 74
90 33 47
65 35 1
83 20 93
77 4 50
42 28 16
53 87 61
86 9 78
74 20 36
0 73 11
20 6 37
13 71 68
0 12 26
88 86 66
91 33 30
25 11 32
92 86 100
97 14 32
21 40 2
96 63 14
58 65 10
90 10 15
56 64 34
29 89 64
37 12 49
95 42 77
95 49 10
4 8 88
11 70 40
52 39 79
66 51 97
12 77 22
3 1 71
15 69 95
98 10 45
83 60 50
83 26 99
25 1 15
51 54 5
22 79 41
22 51 26
2 63 39
67 25 36
74 39 42
53 27 28
62 53 46
43 75 11
37 69 14
80 41 51
82 8 24
64 81 70
30 93 66
69 96 48
53 16 36
14 56 35
4 19 22
34 89 2
59 26 52
30 32 83
59 69 23
88 32 65
12 57 59
72 23 35
62 40 5
98 37 60
22 23 61
26 76 70
76 95 20
69 5 3
18 0 9
30 57 28
72 65 32
18 2 100
76 32 97
87 19 97
44 8 90
92 55 10
69 80 94
0 59 85
45 90 53
3 1 71
26 79 84
77 73 20
75 51 22
61 50 45
73 89 24
70 25 98
13 73 46
99 61 25
81 72 7
94 73 60
94 20 79
73 8 41
13 14 83
17 64 52
35 8 31
96 27 18
8 22 13
2 90 29
25 74 19
6 96 2
13 28 79
9 14 78
13 47 29
83 4 12
15 43 10
41 11 1
94 32 93
36 33 52
47 92 31
50 48 35
69 7 19
28 4 84
73 26 42
0 83 81
89 25 66
1 87 95
66 31 64
65 12 12
9 24 96
27 62 23
47 63 100
94 61 98
93 34 40
73 68 86
6 41 50
59 94 9
33 93 53
36 31 65
71 4 96
7 19 28
88 46 65
19 53 68
81 95 12
68 8 54
55 40 11
78 6 19
9 97 78
34 41 17
17 58 80
82 23 58
2 33 16
59 85 23
21 87 89
29 78 100
44 12 86
99 81 39
1 93 46
77 45 70
97 1 53
95 2 43
35 46 20
54 66 23
85 43 56
88 4 20
77 27 20
78 90 30
78 65 78
41 81 31
12 25 36
93 9 32
70 73 33
93 41 80
27 90 47
63 14 86
83 13 37
73 47 19
50 19 12
70 17 38
65 94 66
89 89 89
34 39 82
71 18 32
87 31 34
87 98 48
30 62 52
92 5 16
94 39 26
17 43 91
20 47 4
95 28 48
61 38 2
5 29 23
51 59 96
52 33 64
85 10 69
64 40 56
33 73 37
97 95 98
63 64 97
91 51 19
28 39 4
86 73 61
46 72 81
29 88 47
20 42 54
62 32 81
69 56 8
48 62 56
58 64 91
51 42 13
73 7 9
24 71 42
60 46 38
8 18 16
22 4 33
90 24 54
44 48 33
63 22 96
11 27 78
48 28 10
17 42 78
15 3 29
38 96 19
12 49 34
43 8 86
39 73 6
70 15 88
37 7 42
80 10 86
60 60 45
11 12 19
75 38 24
38 54 49
4 52 29
35 79 100
99 20 62
57 72 2
72 25 61
22 80 36
83 35 94
90 25 84
21 48 38
62 15 18
62 1 20
57 66 64
6 49 76
42 28 91
24 3 89
90 39 35
58 53 59
35 2 20
55 61 75
92 61 32
62 84 53
91 42 19
82 62 60
97 63 79
60 41 55
50 66 23
42 31 57
50 4 63
59 27 47
47 49 6
36 61 89
91 80 92
38 80 9
17 55 25
75 8 38
80 75 62
12 52 43
99 50 78
75 59 81
37 79 16
72 82 14
1 8 3
37 16 9
10 12 34
14 72 24
79 22 44
25 79 100
85 35 98
10 37 12
58 16 69
11 48 2
40 45 74
11 74 1
35 90 7
0 2 88
56 85 26
54 43 38
84 59 1
63 87 48
16 38 72
38 79 1
40 99 12
32 21 28
50 15 49
43 90 90
40 32 81
57 54 100
33 4 21
78 74 90
48 24 59
73 95 84
76 44 59
6 60 4
76 24 12
98 51 29
36 88 70
11 23 3
14 6 85
19 52 23
27 9 73
22 84 45
16 77 21
65 67 94
78 81 73
77 81 31
35 35 1
92 89 87
67 37 2
56 6 90
46 4 40
36 26 99
78 1 88
67 29 75
8 71 22
23 33 90
30 84 26
54 84 18
22 35 68
33 2 48
43 60 19
78 66 11
1 42 56
21 99 28
90 68 54
26 84 19
12 91 5
59 26 70
11 92 21
69 14 92
78 92 47
40 24 70
56 77 53
58 22 39
34 56 86
45 11 64
64 43 52
49 68 12
90 31 35
96 67 75
37 79 29
11 90 55
81 97 45
31 70 55
13 54 70
13 25 18
84 66 29
4 5 19
87 29 72
35 97 94
35 7 11
78 68 91
10 70 14
31 11 15
19 80 74
44 83 15
89 77 54
64 12 49
46 80 75
57 24 62
30 93 48
51 96 11
44 35 34
79 50 56
4 0 3
61 85 73
92 90 94
57 93 21
87 18 96
9 79 36
63 0 94
52 1 66
14 68 85
63 47 49
81 10 75
98 60 60
46 32 96
49 65 82
15 73 1
27 11 79
15 35 4
45 63 51
9 99 100
84 47 65
88 29 44
92 23 84
93 36 6
83 63 48
40 61 36
12 37 76
65 34 5
53 95 13
45 36 95
24 89 62
7 9 33
78 61 84
38 70 98
64 34 76
20 79 73
3 52 3
62 44 63
71 66 14
60 82 82
78 47 88
89 16 48
44 23 55
62 9 1
99 21 15
78 1 48
29 33 17
40 42 32
39 62 93
46 36 91
19 18 27
49 7 24
10 22 66
75 76 4
18 88 91
2 10 24
95 93 66
13 78 50
65 38 6
3 50 55
2 45 88
11 43 92
21 50 62
91 15 80
29 1 5
60 22 2
88 37 100
69 98 91
25 6 88
77 84 70
18 54 73
11 73 79
16 54 46
99 81 61
9 4 26
86 31 78
92 52 17
51 15 61
2 80 48
97 33 85
4 91 67
92 73 62
54 18 29
26 44 16
3 89 57
86 60 95
12 39 76
10 32 80
53 14 40
59 56 41
31 66 22
8 95 38
94 64 32
64 79 61
49 66 9
48 95 27
4 63 21
53 32 95
9 41 60
34 39 60
69 95 10
35 95 26
94 95 42
66 92 97
10 95 61
62 61 67
18 52 67
60 2 41
20 78 35
74 99 2
78 7 73
72 42 32
51 14 72
30 54 1
32 85 72
71 90 85
81 47 81
40 63 88
40 56 41
16 62 65
91 67 97
40 88 33
71 38 1
76 11 95
42 88 99
13 28 65
69 96 36
97 93 100
68 85 92
85 79 87
91 82 100
54 39 35
4 92 98
86 0 100
31 5 84
86 98 76
89 27 29
23 47 14
76 41 75
44 72 4
41 33 60
14 85 30
95 88 97
11 9 37
67 30 97
36 13 36
16 82 88
63 96 100
5 15 83
86 25 99
60 60 68
41 45 68
87 17 21
54 38 58
26 25 66
92 3 18
17 40 76
86 75 38
16 25 85
7 9 18
94 56 11
98 51 50
16 26 86
76 96 97
15 9 92
77 37 19
34 13 60
65 69 86
70 21 33
30 25 21
30 80 56
50 60 83
47 28 75
16 23 78
79 88 92
26 71 67
46 39 89
13 73 97
5 76 35
25 28 78
17 86 2
65 46 17
88 65 50
56 30 57
44 65 38
82 33 82
94 91 51
13 31 87
79 64 55
59 92 32
95 69 48
44 99 38
76 14 90
22 38 54
17 37 57
79 69 9
6 23 91
53 31 85
27 51 3
15 33 30
62 29 74
65 61 9
9 47 14
0 53 20
39 19 54
44 96 95
77 0 43
93 53 17
88 89 39
10 64 49
82 61 29
60 7 57
80 99 24
48 70 70
42 53 18
71 14 60
31 83 56
8 38 81
34 16 24
4 24 20
17 46 84
65 18 93
38 79 60
44 11 45
18 76 31
73 51 48
99 17 76
26 79 82
93 21 24
48 73 92
33 76 76
4 78 25
86 77 36
72 80 83
47 87 20
58 90 10
50 61 66
76 5 55
91 38 15
49 72 45
69 90 54
68 11 36
16 61 46
53 34 22
59 74 85
40 26 93
62 82 32
61 45 13
26 4 19
68 60 88
57 84 6
38 3 91
29 79 24
31 89 77
11 97 75
91 64 32
17 51 60
22 87 38
13 55 46
41 42 55
64 48 2
5 96 98
63 21 19
94 11 48
16 78 41
2 97 49
85 82 88
87 98 10
28 82 98
15 25 96
92 35 38
69 14 42
22 6 49
24 28 44
60 23 88
12 6 57
97 11 59
97 56 61
67 77 98
92 77 62
0 95 97
23 49 77
57 94 12
46 27 92
47 8 2
91 27 76
69 63 77
88 18 62
37 95 80
77 49 38
91 30 77
87 24 81
47 84 22
11 2 60
92 98 32
14 97 96
6 23 98
22 70 15
85 59 78
82 86 55
44 80 46
21 55 45
62 60 32
21 91 91
1 58 9
64 43 21
30 70 46
31 71 27
40 69 61
62 49 66
50 65 99
67 14 23
14 71 44
34 99 38
11 32 80
7 68 13
53 68 64
57 99 64
56 13 10
66 81 87
84 0 59
66 18 27
39 34 92
86 50 73
77 96 72
8 67 87
47 80 49
48 56 82
2 93 67
82 58 2
13 48 38
57 97 100
79 45 62
53 15 82
68 67 19
38 27 51
92 95 94
70 19 2
85 36 92
24 64 73
7 57 24
90 73 50
35 20 47
19 29 23
72 41 66
14 27 90
10 11 14
63 90 64
55 90 77
36 19 62
55 2 29
36 93 59
58 78 95
16 50 8
4 20 67
71 45 26
83 18 57
