// detail: https://atcoder.jp/contests/future-contest-2018-qual/submissions/2104292
1000
64 1 21
76 20 76
94 10 43
14 74 72
24 47 59
60 31 27
79 15 18
84 67 100
17 96 16
45 57 98
67 68 73
58 5 9
39 94 93
28 41 71
97 49 76
87 40 18
17 1 98
17 96 35
75 27 82
68 59 25
7 96 1
92 47 54
46 13 43
50 68 85
34 98 75
47 34 19
24 77 4
98 28 4
0 97 73
38 30 26
74 18 36
68 21 93
17 52 50
69 88 28
22 14 34
60 83 46
60 28 94
63 44 30
68 9 69
97 92 51
81 8 31
17 23 51
49 66 78
29 30 83
16 2 90
23 23 62
70 87 62
74 78 3
32 11 22
6 47 13
71 20 61
99 35 81
44 5 39
30 58 18
15 78 99
11 94 90
87 92 34
7 74 53
36 7 31
75 32 13
76 43 67
65 5 58
69 17 68
9 26 19
70 87 77
44 6 48
4 21 65
32 66 3
26 64 94
55 63 29
50 69 21
26 54 16
98 50 21
88 89 78
22 78 67
15 37 35
23 39 49
30 71 12
48 44 78
11 86 42
64 14 55
86 59 58
45 44 34
61 93 57
74 16 80
87 57 36
36 11 28
59 79 72
27 67 46
9 78 11
38 34 12
79 24 23
23 83 20
56 70 41
1 62 94
92 56 3
79 8 35
89 75 76
14 52 36
30 6 93
59 83 67
23 70 7
92 95 93
57 64 22
16 80 89
34 58 65
25 35 59
43 77 18
23 96 60
83 12 20
87 40 78
27 44 35
74 25 40
34 47 9
10 22 45
13 73 96
87 80 95
18 52 72
81 16 54
96 47 75
47 9 31
73 17 72
44 36 84
1 60 81
72 38 89
50 80 56
73 10 24
64 96 33
72 69 89
53 46 76
28 25 26
65 87 39
25 37 6
73 16 85
59 33 21
61 93 62
30 31 84
98 23 38
98 30 61
98 48 49
30 38 91
55 20 83
2 7 52
50 72 44
50 47 42
39 52 11
12 11 24
27 23 16
92 30 50
35 67 58
25 27 90
57 90 79
41 51 61
85 6 87
10 80 7
40 48 24
96 59 26
50 86 85
72 3 16
75 63 91
80 67 88
41 25 46
54 93 58
10 45 49
97 74 53
37 64 91
56 52 83
73 86 56
79 22 42
52 85 88
63 13 89
70 5 40
46 16 56
61 33 56
66 86 62
24 0 60
32 82 87
72 19 12
8 54 29
79 62 51
51 2 56
17 47 33
60 27 70
13 38 49
35 42 67
74 54 1
94 2 23
29 20 51
48 38 42
77 9 99
11 14 2
52 57 32
47 49 87
29 64 21
37 66 92
85 84 25
92 81 48
75 85 61
28 69 83
5 16 57
38 83 66
71 2 25
47 83 33
35 27 6
61 65 39
49 92 2
6 63 55
64 32 29
51 83 30
41 24 36
49 89 81
30 38 29
2 66 65
67 38 2
92 57 55
89 61 21
69 26 78
28 99 54
2 21 52
37 67 67
42 53 7
44 33 86
25 31 75
57 94 74
84 86 73
0 72 23
21 9 70
9 19 99
58 68 91
74 75 18
77 65 47
98 72 86
42 95 72
16 64 31
93 12 80
51 44 61
81 2 97
76 63 59
97 33 82
8 86 66
42 51 57
57 27 30
74 86 15
87 5 78
98 52 46
39 63 55
66 54 25
30 40 74
68 1 50
35 48 40
51 34 57
6 21 61
74 83 86
97 24 59
46 94 45
19 25 12
13 58 18
27 89 33
41 12 59
30 89 74
80 39 86
22 83 72
21 92 79
32 65 81
69 69 78
13 84 47
29 49 24
38 22 91
69 24 93
71 65 10
2 91 95
59 17 86
20 71 59
20 45 34
80 81 41
37 5 21
55 75 29
12 1 88
97 89 65
42 53 60
79 97 75
69 77 22
33 10 100
39 93 14
35 56 52
90 58 89
97 79 67
19 16 91
81 37 91
54 9 76
21 25 66
99 41 49
6 58 52
19 51 96
21 63 83
15 77 93
36 7 32
23 45 22
40 7 29
84 88 41
31 79 49
71 18 16
95 83 16
3 84 48
37 78 29
71 98 1
55 66 61
45 18 3
44 45 81
91 6 82
67 69 71
11 88 20
94 97 46
14 67 42
77 33 24
31 86 68
93 69 10
75 76 23
80 33 62
46 27 21
35 51 78
81 83 63
77 26 38
56 24 49
2 41 47
66 68 33
79 60 60
13 98 85
72 39 41
48 31 56
58 48 71
25 79 64
64 96 98
8 54 8
77 84 46
8 20 36
23 61 13
76 14 68
61 22 54
40 56 92
69 29 96
82 98 24
78 77 63
30 2 73
35 18 54
99 83 15
39 64 67
5 72 18
90 82 82
50 11 5
10 71 88
6 86 26
12 42 87
69 77 44
73 93 60
40 41 97
61 9 87
86 1 93
72 64 5
25 92 64
42 28 14
5 67 79
32 29 80
75 34 42
75 17 35
23 32 80
5 50 89
85 36 3
18 71 18
95 81 23
21 34 51
70 27 50
77 15 74
81 55 60
64 86 76
92 11 32
58 96 80
25 20 90
75 4 40
11 34 44
8 37 96
4 54 1
91 52 91
32 46 65
53 24 96
76 21 51
74 73 61
86 84 33
43 43 15
8 95 71
10 13 82
77 20 66
64 7 80
22 1 7
41 26 51
15 19 44
94 46 84
89 84 62
83 22 54
10 61 59
33 83 58
20 69 81
83 76 5
77 12 62
18 52 73
1 45 59
29 28 25
18 61 50
34 21 30
20 41 99
12 1 94
21 36 19
49 68 5
70 79 44
39 64 82
22 18 33
36 82 78
42 28 34
34 15 70
55 33 49
98 63 83
53 65 59
15 97 64
1 99 25
54 59 97
28 79 45
15 12 51
44 31 60
68 17 21
60 34 22
96 41 36
56 19 17
8 33 100
70 54 22
69 35 31
53 88 70
37 53 37
25 40 22
45 54 80
23 32 96
85 55 11
89 5 59
36 98 88
27 20 94
45 92 6
29 75 97
76 15 30
51 70 82
85 71 2
14 58 66
37 85 49
51 85 100
11 27 78
72 64 38
82 10 81
90 27 96
63 16 27
83 94 18
66 34 33
29 51 82
4 22 88
69 90 36
92 94 8
6 65 96
66 4 52
39 69 61
48 42 45
6 98 43
86 1 39
31 85 99
67 29 24
43 15 90
50 60 21
45 98 81
35 57 99
31 17 38
13 74 66
19 81 10
37 98 25
45 83 37
44 8 10
9 86 84
19 70 37
9 89 10
40 50 45
11 18 89
91 55 85
48 65 59
33 95 49
14 6 18
65 5 25
31 48 38
71 26 19
62 59 95
1 51 33
56 79 79
65 26 28
83 1 76
52 96 91
98 76 92
35 5 65
66 44 85
32 56 3
54 40 93
17 76 44
37 47 15
73 24 64
70 49 28
90 82 52
96 79 53
94 20 51
27 27 55
30 82 8
48 71 71
76 58 87
35 13 73
32 62 97
76 72 100
75 65 4
84 76 63
80 83 78
97 60 68
89 90 50
36 7 13
54 25 1
40 41 92
41 2 17
26 64 65
3 65 49
98 99 63
51 93 54
45 68 89
93 26 46
19 93 71
23 43 56
84 22 48
46 35 72
12 90 75
93 54 20
60 94 43
66 91 92
87 85 62
6 56 5
12 47 63
93 22 57
93 3 69
9 66 91
48 52 65
38 86 51
79 99 15
69 80 33
50 0 3
79 36 59
41 25 14
90 81 89
56 66 69
65 0 99
98 51 76
52 65 87
27 96 47
11 74 58
90 43 15
30 43 70
54 61 68
10 68 42
77 58 19
23 82 21
82 14 100
63 18 77
57 98 83
63 52 88
59 30 99
56 0 39
21 26 24
46 11 87
31 88 84
34 22 8
15 51 15
26 76 61
5 27 73
85 73 93
87 38 10
27 51 86
90 68 59
80 2 4
97 83 4
13 79 31
93 70 24
75 95 2
73 33 2
38 51 21
13 83 1
78 59 21
24 4 38
45 44 55
49 35 97
58 76 94
57 92 49
42 92 51
16 59 91
8 54 66
84 99 18
85 67 20
3 66 72
30 36 23
93 95 27
69 73 61
52 62 5
55 28 7
72 18 39
50 9 48
77 16 98
19 61 93
37 11 69
77 55 11
69 27 4
73 49 45
24 47 87
30 56 40
61 76 72
58 60 97
28 0 5
24 0 21
72 21 35
81 32 10
92 75 8
41 33 2
50 99 17
41 26 63
61 47 61
5 5 33
21 26 52
19 96 3
6 45 75
83 48 76
10 90 16
24 38 29
32 67 91
17 8 62
27 34 75
42 10 54
7 67 64
49 60 54
58 20 27
52 35 36
27 14 52
88 31 84
94 37 10
79 73 39
89 4 19
37 92 10
75 11 36
21 76 82
12 8 31
62 13 66
49 80 33
2 90 42
10 86 4
91 95 21
91 28 42
25 60 57
35 21 29
17 24 72
0 6 39
17 76 71
53 32 25
91 77 41
6 34 62
24 27 54
53 84 64
62 77 49
87 34 49
21 74 93
37 32 57
8 2 85
50 40 58
33 85 64
96 47 99
1 19 74
42 58 42
75 11 88
55 38 77
90 30 90
69 79 6
79 54 46
84 45 33
77 21 35
43 20 100
0 13 31
97 33 16
75 79 17
98 62 69
16 0 65
55 60 58
68 11 7
5 17 41
0 64 22
41 12 85
54 79 92
88 55 73
46 40 45
74 94 48
89 81 93
24 15 46
68 22 62
77 75 57
40 42 97
37 44 17
94 34 68
79 91 31
77 28 46
39 9 21
13 94 18
6 16 84
48 76 97
76 73 91
23 77 5
82 95 61
76 9 44
75 27 8
80 57 38
62 47 88
47 76 61
88 11 82
39 34 27
60 36 69
67 65 62
77 56 15
26 42 81
32 63 1
77 85 15
57 26 7
46 86 77
9 76 45
77 82 14
23 43 62
34 63 21
22 55 63
46 50 2
23 83 53
54 15 61
60 11 27
14 29 56
67 61 51
39 58 90
64 0 75
48 50 100
19 98 48
27 2 78
52 58 24
5 23 51
71 2 62
31 64 19
87 56 15
53 14 50
70 30 98
73 82 51
27 22 34
53 35 65
13 33 10
49 62 19
32 62 39
47 68 57
75 80 84
3 61 95
85 66 85
98 57 20
80 79 77
73 78 49
17 18 68
97 18 32
9 85 42
43 68 53
58 70 63
88 45 50
14 71 62
39 68 17
80 62 24
37 69 84
89 6 32
90 30 98
36 78 63
52 41 24
0 89 46
79 87 35
4 39 82
27 6 55
34 78 98
98 64 4
55 19 17
5 1 10
68 68 88
12 52 15
87 62 78
38 86 80
18 48 76
89 80 31
2 62 1
24 3 53
0 85 62
6 44 23
7 42 89
36 58 67
94 92 88
14 87 45
24 96 40
18 80 64
28 66 40
86 3 87
9 44 66
35 12 15
53 81 19
55 78 45
38 82 91
56 42 89
43 35 76
56 47 55
13 82 6
98 78 26
83 21 87
49 74 15
1 59 81
73 61 7
73 16 66
95 27 46
73 19 25
98 43 69
11 53 45
58 22 78
56 55 4
40 72 58
5 89 56
23 55 31
8 17 22
16 30 32
89 65 3
7 72 7
1 32 79
18 38 22
70 43 38
50 64 7
3 33 45
8 90 39
37 50 12
41 90 74
94 42 71
13 69 5
75 49 31
44 86 41
79 34 52
34 0 13
93 5 54
15 13 45
34 28 76
64 17 70
42 60 90
52 71 44
98 57 75
80 75 16
23 6 48
51 29 4
34 3 98
99 48 33
67 79 77
73 26 89
76 58 80
61 49 27
98 74 64
55 83 44
85 60 31
38 39 8
97 83 100
72 77 15
19 90 60
4 85 93
67 72 32
33 4 65
83 62 5
68 0 3
87 79 68
54 61 89
2 29 41
69 76 91
36 4 82
65 89 60
14 41 37
18 88 12
59 52 57
66 2 25
50 29 31
44 32 46
94 65 77
71 2 57
52 45 97
88 44 1
83 18 74
45 1 7
13 69 92
56 95 10
32 36 75
63 19 95
7 39 20
83 18 25
30 43 40
80 66 91
62 18 56
3 30 32
98 52 76
24 31 64
54 38 18
67 39 67
29 36 27
49 28 6
28 47 1
49 15 59
67 80 4
1 94 25
54 76 54
43 12 15
19 83 9
3 29 81
54 10 52
73 51 78
11 60 38
50 22 84
31 49 85
17 4 99
60 53 45
93 60 64
13 33 25
59 30 46
44 25 19
20 95 53
54 94 30
73 37 82
34 4 2
70 59 64
77 49 27
10 43 77
36 61 98
88 7 66
53 52 78
92 53 98
12 11 55
79 10 11
69 34 64
10 6 57
9 43 22
8 29 82
66 34 30
42 31 82
55 66 35
11 20 86
4 42 99
51 5 49
9 45 40
16 88 10
60 73 56
41 26 65
91 92 71
96 73 67
68 17 28
20 24 92
76 5 62
78 53 12
5 58 86
73 99 85
89 50 94
67 82 59
26 61 41
17 67 29
62 55 17
32 83 36
21 36 22
95 87 31
48 29 68
91 83 16
79 18 94
86 54 24
73 48 36
69 94 64
51 6 39
33 16 99
95 73 76
97 52 11
63 94 11
10 19 54
38 82 26
72 38 50
82 76 2
40 6 83
0 99 43
5 91 29
92 15 14
69 96 11
40 29 14
30 23 61
60 10 30
29 31 13
85 79 69
