// detail: https://atcoder.jp/contests/future-contest-2018-qual/submissions/2104413
1000
99 78 11
95 37 91
30 20 62
11 79 34
83 70 100
96 80 5
7 23 13
65 50 98
12 80 34
0 22 50
68 94 75
98 97 63
80 5 14
68 13 29
33 17 71
86 75 36
20 55 87
52 24 2
20 81 29
60 30 5
4 30 46
59 90 86
59 32 21
37 63 76
38 39 58
31 32 34
74 73 6
45 80 68
10 16 18
20 25 64
34 67 23
9 11 84
30 21 75
85 27 91
15 30 40
11 61 86
44 89 50
42 86 58
46 6 51
78 96 75
68 86 8
4 3 44
0 76 76
21 48 59
6 36 94
62 30 98
28 99 3
32 76 37
14 39 82
65 63 53
33 52 26
0 17 42
83 58 28
43 58 33
57 70 89
91 36 98
11 31 77
0 97 98
19 36 11
18 90 12
62 35 14
70 88 97
33 53 20
52 79 20
17 32 89
17 22 7
48 70 51
31 1 80
76 80 3
28 28 82
78 65 69
16 28 71
66 34 30
92 5 31
25 6 53
4 83 66
56 2 62
4 70 68
8 78 82
34 94 56
41 5 26
38 74 15
98 1 52
65 98 36
24 56 66
20 53 96
74 19 98
37 19 27
67 74 43
1 55 51
89 32 41
21 98 1
5 87 33
38 53 83
61 38 5
26 27 62
2 88 73
86 60 23
58 51 34
99 71 48
19 97 94
1 76 67
95 50 6
12 62 67
10 83 67
62 76 82
69 41 95
28 99 68
25 50 20
65 63 95
67 6 17
32 19 57
89 7 10
85 78 78
56 37 74
6 76 25
56 96 76
99 77 78
0 38 99
26 76 27
94 77 88
58 45 57
50 25 12
57 73 70
19 84 11
17 72 10
41 66 75
42 9 68
19 15 30
86 32 82
58 10 79
83 91 2
37 45 93
17 56 99
13 46 71
53 27 41
67 30 14
36 32 58
52 99 69
20 39 78
27 11 94
30 99 11
38 36 41
56 27 28
64 24 11
76 29 11
44 13 36
36 19 50
15 69 79
68 31 40
80 17 54
62 90 46
52 30 95
60 15 92
0 58 51
33 19 9
47 76 71
5 23 27
42 38 93
91 62 31
32 17 6
1 76 11
74 2 82
65 71 100
16 84 99
44 36 9
46 82 98
70 21 3
69 75 42
27 20 100
0 61 16
64 75 46
33 46 83
40 59 18
74 82 53
18 89 40
75 98 3
31 92 81
80 62 97
50 32 49
16 94 30
82 12 58
31 99 57
0 11 38
26 6 71
80 43 40
97 98 34
2 99 23
44 69 17
82 84 14
49 30 62
81 71 66
35 92 18
95 34 91
83 75 35
12 52 87
10 0 67
57 0 35
62 14 43
7 85 91
41 49 16
90 51 29
23 92 83
5 92 52
69 2 12
43 19 25
35 32 65
30 72 85
47 39 78
27 19 58
70 28 55
27 1 86
22 40 72
53 36 61
51 5 56
15 35 99
70 19 96
18 19 54
73 58 78
31 43 60
51 96 74
25 82 12
97 42 49
73 68 27
0 29 44
4 26 15
76 32 52
79 4 48
9 99 57
48 1 44
8 91 98
12 2 41
34 26 71
44 65 94
97 97 99
69 18 91
10 16 33
10 2 59
55 72 40
73 63 84
2 96 89
5 65 25
76 88 75
50 70 1
44 32 15
58 82 8
49 40 82
66 38 33
58 98 90
86 4 31
48 8 11
87 89 70
52 39 80
21 40 31
63 7 47
79 13 71
44 97 38
32 24 71
2 36 6
56 94 68
35 37 85
44 2 10
90 57 91
92 53 91
28 28 1
98 3 79
33 79 33
66 42 55
40 16 85
87 32 1
11 96 93
12 33 51
93 66 6
37 89 57
27 99 45
47 51 44
70 51 34
27 70 16
35 69 96
77 51 34
72 50 73
90 28 5
45 16 43
97 5 85
73 96 91
23 86 44
10 93 13
88 17 82
67 84 27
77 24 65
55 16 16
72 12 87
31 37 19
87 49 36
1 20 47
49 1 22
25 59 31
52 67 59
68 31 81
91 23 45
78 68 40
78 42 90
16 48 85
51 39 50
72 70 92
77 87 45
35 65 31
52 52 66
81 3 97
4 51 29
6 40 62
74 56 29
96 70 79
57 80 54
37 21 68
28 27 45
14 91 45
83 56 6
61 26 17
74 44 40
40 59 45
3 45 100
35 98 15
10 28 65
66 78 86
77 62 79
45 0 24
99 90 61
84 70 85
56 60 31
12 22 27
39 64 69
56 34 77
68 93 30
30 51 11
27 17 26
20 31 65
38 76 92
63 41 70
84 66 23
62 79 86
31 98 7
38 27 62
64 21 76
49 77 8
41 16 87
50 4 54
6 36 77
13 74 94
82 23 24
46 19 16
1 53 15
44 46 54
4 89 38
64 3 11
36 36 47
84 69 73
30 34 63
69 56 44
56 18 72
60 3 52
85 65 50
7 95 25
93 97 18
33 93 16
63 89 81
66 24 86
94 98 55
51 16 86
53 79 45
71 88 29
29 91 34
33 26 39
61 76 42
22 91 73
2 97 89
47 6 15
63 90 42
33 66 6
97 34 50
11 54 64
27 22 10
36 51 3
29 77 64
89 52 49
44 72 55
29 96 67
97 6 74
30 55 46
87 43 26
28 36 93
36 97 23
25 42 70
63 13 94
33 65 30
51 21 86
93 89 42
98 15 39
83 14 49
90 97 15
11 49 9
77 1 42
71 0 56
73 19 78
85 66 31
20 11 89
44 26 35
60 94 55
31 77 69
1 53 84
74 35 93
2 99 65
85 3 65
88 80 69
30 67 18
64 13 50
8 10 51
7 46 72
27 51 56
54 46 72
20 17 48
72 99 85
32 30 68
13 35 56
71 3 47
13 30 75
84 14 12
66 93 44
80 14 37
21 75 49
56 78 58
40 15 11
21 5 16
33 79 31
82 42 23
42 83 91
72 61 22
81 17 80
7 1 25
51 39 86
95 11 56
19 57 5
98 31 89
83 92 73
6 51 36
81 84 99
21 85 79
46 96 62
74 75 62
25 80 62
86 70 14
30 85 69
75 10 86
65 44 53
49 36 70
96 22 67
44 26 65
73 30 55
54 49 63
94 92 30
43 20 99
74 97 23
6 23 14
14 6 22
13 3 89
26 44 8
92 78 54
95 28 55
44 60 41
59 76 37
53 28 19
3 69 72
54 75 40
47 37 47
0 77 21
43 60 75
13 28 53
2 49 62
76 48 40
44 30 38
82 47 48
77 8 26
3 57 35
17 72 70
68 45 89
54 42 99
81 1 1
13 93 49
31 51 80
4 27 22
79 57 93
49 12 91
99 23 70
42 87 51
40 96 57
83 34 5
73 69 7
41 10 77
37 16 2
99 93 58
46 46 78
60 85 63
24 66 81
45 55 67
29 39 62
97 73 45
39 48 65
22 31 59
62 38 48
16 12 97
36 0 31
59 96 42
20 27 12
41 59 16
24 75 15
87 59 72
62 87 91
4 7 46
93 71 16
19 98 95
62 55 55
31 9 56
36 70 91
20 77 47
33 98 37
49 45 4
91 22 80
76 1 73
6 79 41
32 66 73
26 48 30
64 79 52
8 93 67
6 51 37
28 42 11
91 71 10
56 91 27
59 75 24
15 86 55
29 25 78
62 51 5
18 41 77
17 69 20
85 88 53
84 85 72
90 95 60
62 62 9
31 76 23
46 14 21
53 49 41
97 79 16
89 44 1
32 10 49
81 21 3
90 71 4
21 22 91
99 72 92
42 14 11
16 78 23
29 19 75
3 11 68
26 88 57
84 95 89
18 58 33
58 28 89
6 41 6
66 25 93
30 54 25
96 2 13
5 20 14
25 50 92
21 78 11
82 11 84
94 84 28
2 81 15
6 31 87
69 10 38
17 10 95
82 73 58
90 77 34
44 79 23
75 40 56
41 37 51
78 71 31
22 72 89
65 75 21
10 90 19
26 83 11
76 8 88
44 39 53
0 92 82
97 50 6
52 74 89
59 12 95
83 91 87
7 95 39
53 17 46
84 80 88
62 18 97
12 99 33
15 97 99
45 25 80
96 72 23
83 60 2
32 51 79
24 90 40
24 16 61
49 38 70
54 63 13
94 82 80
56 40 76
56 91 16
96 38 67
54 58 71
16 70 5
44 52 77
56 38 29
4 88 31
72 13 7
76 38 10
67 2 91
90 74 21
73 76 8
63 75 100
73 17 59
37 33 69
65 10 12
83 85 92
51 52 100
45 31 26
56 20 48
4 34 4
80 73 44
31 18 77
16 93 11
76 78 19
19 82 81
85 11 29
98 84 18
46 86 70
68 28 93
82 54 56
52 69 31
55 4 8
72 81 93
82 14 40
28 75 22
81 73 50
45 71 10
66 6 51
33 34 35
21 10 38
84 34 40
55 71 10
35 64 26
20 60 78
36 63 18
78 65 12
95 87 56
90 37 84
46 33 64
80 69 18
20 51 19
2 45 81
47 73 52
12 93 10
71 72 59
79 30 91
33 55 70
23 26 24
29 94 98
56 56 86
46 55 43
8 0 10
6 81 19
37 78 40
7 83 95
46 19 13
72 14 51
20 47 15
48 97 73
95 20 52
30 91 65
66 13 86
67 63 73
49 20 50
19 43 25
77 63 91
76 83 23
32 84 90
82 73 9
75 7 51
84 11 9
14 54 88
75 41 18
9 79 4
40 70 95
1 1 52
90 18 82
82 19 85
76 45 8
22 31 41
24 39 4
69 12 10
41 5 90
37 2 23
73 67 5
19 92 62
95 81 73
57 85 37
69 2 40
71 38 57
27 0 58
77 32 88
0 18 59
32 60 97
9 0 17
6 9 100
80 57 54
46 27 51
15 14 2
14 0 11
17 17 68
80 57 3
12 96 83
17 66 22
3 63 22
76 95 33
20 10 94
87 91 29
3 81 74
7 9 66
33 33 19
95 62 91
76 29 44
61 94 14
17 10 39
32 43 12
29 39 20
69 94 91
17 77 74
86 77 24
29 5 35
17 31 34
50 55 2
78 47 67
89 6 17
80 70 29
37 18 39
9 78 71
46 64 87
28 78 33
64 90 100
67 32 37
26 0 80
5 29 36
10 98 40
0 27 36
74 37 8
45 49 7
32 67 75
64 18 15
94 22 78
16 61 58
14 69 75
27 1 71
49 32 90
3 99 28
78 93 38
51 1 89
25 19 42
40 82 66
62 62 30
12 58 55
58 41 38
82 33 59
61 94 84
84 43 18
17 29 69
47 33 73
77 43 69
36 91 90
16 74 35
56 65 40
88 84 22
82 45 6
90 96 61
79 37 8
52 88 24
71 23 54
97 15 77
4 35 16
33 69 51
95 13 60
71 52 30
44 43 60
96 82 85
10 4 85
12 98 54
61 31 4
66 92 52
81 59 51
10 84 50
53 49 24
55 42 31
48 55 86
25 8 93
64 75 89
16 34 59
39 92 38
62 19 86
47 29 22
8 37 41
79 34 60
10 90 34
61 55 10
54 11 91
68 83 24
58 49 65
10 12 26
39 18 40
59 38 78
85 8 14
56 40 19
92 46 22
80 1 86
2 55 80
96 85 29
94 94 84
62 36 28
57 45 73
15 87 17
67 98 100
56 23 95
96 45 72
72 23 38
2 78 96
79 55 58
93 43 81
11 65 45
41 23 20
86 99 43
93 24 60
5 60 4
33 46 33
32 0 88
57 22 19
46 7 59
79 25 91
15 69 92
83 56 81
55 62 48
22 57 94
76 79 100
78 44 66
92 46 57
72 61 91
40 1 44
26 42 64
61 7 75
52 25 56
15 69 5
70 25 85
32 10 91
94 81 91
19 68 64
93 87 80
81 90 9
1 90 56
37 76 68
31 61 51
19 71 55
91 10 23
61 69 69
72 40 52
0 46 21
0 54 75
0 68 68
42 71 83
94 14 80
96 33 97
64 48 50
40 22 11
36 75 6
88 79 66
11 56 51
57 1 45
82 84 23
93 31 41
30 24 48
19 97 97
43 12 37
19 8 40
2 7 72
10 64 80
16 12 37
2 31 16
79 37 14
35 14 97
74 71 18
56 57 99
10 64 79
9 92 68
76 39 96
11 55 42
20 72 21
90 24 20
51 75 41
32 40 61
83 8 99
40 92 38
69 93 51
73 47 48
48 7 68
69 26 93
67 15 30
19 62 90
23 84 95
98 5 30
58 78 25
18 73 85
69 36 48
58 42 63
38 47 26
20 89 18
52 82 50
48 12 73
78 11 94
9 64 9
43 71 89
21 15 70
23 30 82
30 47 38
92 56 74
67 81 16
11 3 43
77 93 71
27 57 14
99 87 63
91 60 20
86 15 19
21 17 33
3 97 60
83 69 83
59 3 57
99 11 31
25 45 62
66 13 26
65 41 6
56 71 91
19 39 88
18 53 42
2 93 12
83 8 54
30 41 72
88 15 55
4 47 77
79 13 63
58 20 50
40 56 24
74 47 74
16 11 31
42 41 98
62 97 66
66 42 38
55 83 73
1 24 74
51 99 25
61 87 27
72 7 34
92 9 85
35 56 62
27 61 78
41 46 75
4 42 51
11 13 19
25 50 38
77 39 33
50 23 96
49 55 72
4 17 35
64 70 36
28 78 34
76 75 70
42 60 79
99 47 58
21 50 75
55 47 5
43 15 71
52 85 34
13 78 7
6 37 77
87 87 20
15 30 36
85 49 76
15 82 27
1 98 77
38 75 53
97 49 71
77 68 56
