// detail: https://atcoder.jp/contests/future-contest-2018-qual/submissions/2104786
1000
61 0 56
46 82 51
72 78 6
97 90 55
82 59 39
29 1 61
15 35 31
67 75 67
72 10 5
89 70 81
80 30 1
39 46 34
19 97 77
86 81 83
40 81 56
41 81 64
59 11 49
45 72 36
24 94 73
89 74 73
46 83 9
72 17 8
1 43 61
52 10 5
31 76 55
95 74 95
58 78 77
88 77 7
32 82 59
65 62 100
61 77 71
4 40 46
74 68 12
48 87 39
50 7 2
91 61 44
28 76 68
25 78 44
43 5 7
49 40 36
49 36 29
8 38 81
34 27 37
9 21 7
83 57 92
38 38 18
5 88 69
62 84 34
32 36 47
74 8 83
86 72 76
76 99 52
57 89 70
68 57 35
7 19 56
61 42 22
52 5 68
89 91 53
14 34 100
42 76 3
81 7 67
54 70 97
78 54 59
87 28 97
48 84 79
81 55 66
78 71 42
25 69 4
62 97 82
23 9 13
52 62 14
14 87 98
15 53 50
6 30 36
10 65 25
18 88 8
21 80 80
34 64 6
8 3 86
63 39 74
15 2 93
46 35 67
83 81 45
28 66 50
16 72 89
6 15 5
26 91 57
21 2 77
80 18 99
55 6 85
12 99 62
76 38 29
90 64 78
58 35 8
10 40 15
77 65 40
17 2 36
28 37 96
64 41 1
16 13 18
15 75 76
60 16 15
88 40 82
60 63 52
27 68 57
49 11 63
62 50 1
6 38 52
96 31 63
66 59 98
75 74 99
60 90 8
79 97 72
47 89 26
58 4 40
84 1 17
86 62 31
38 1 64
17 9 85
71 64 86
52 69 29
84 32 37
53 14 26
96 70 62
38 62 9
22 95 82
12 59 78
93 27 45
14 37 21
82 43 82
70 55 34
33 95 68
97 74 73
50 31 35
91 90 93
16 47 40
2 42 62
3 59 53
8 6 43
31 17 43
16 18 72
44 73 63
28 52 68
41 25 22
9 62 29
90 2 85
52 98 91
81 80 49
67 67 97
28 25 37
25 13 5
30 81 61
63 94 65
30 35 43
19 61 18
87 41 45
71 65 5
5 79 20
99 82 86
23 24 7
66 0 28
31 16 60
17 79 29
15 27 56
20 22 11
48 9 20
31 80 74
99 4 8
79 67 35
32 78 47
75 87 71
58 64 36
15 88 46
5 70 63
16 3 39
49 85 5
9 51 74
66 39 92
80 14 44
67 52 97
25 32 2
29 40 88
32 62 59
22 33 22
21 26 11
11 83 49
69 77 83
77 23 75
73 56 96
26 25 98
39 95 84
96 27 39
61 34 11
98 64 71
46 34 19
99 92 14
81 69 79
42 45 23
14 95 57
74 56 85
39 6 85
8 83 86
85 25 47
72 97 50
85 18 14
59 31 90
3 74 12
82 92 57
66 97 51
61 82 80
29 34 26
26 59 59
86 85 52
33 61 68
14 9 20
29 4 75
9 2 65
67 18 30
20 57 62
75 42 34
82 24 91
14 90 64
71 59 60
2 20 94
85 70 61
44 15 31
37 37 41
23 52 28
15 62 64
43 53 3
44 11 44
65 98 38
24 0 20
56 5 46
15 54 83
18 29 49
16 23 90
78 85 6
93 59 20
63 99 29
47 75 54
57 5 10
50 20 20
23 20 16
11 81 80
95 8 99
45 44 81
15 27 78
60 66 74
38 19 40
65 61 2
38 9 31
39 5 97
73 68 57
76 93 4
74 14 5
73 98 52
68 18 3
48 79 49
23 97 40
83 59 49
80 5 60
14 73 73
49 3 51
2 19 77
71 86 82
74 33 100
16 12 22
35 97 91
46 90 78
29 63 9
57 37 57
8 96 36
44 60 42
32 24 43
1 66 47
26 24 41
67 49 12
87 14 48
27 92 9
16 15 84
42 67 41
89 92 83
67 63 91
46 77 74
58 84 89
79 34 79
44 67 14
84 62 62
97 17 71
9 81 52
74 28 93
5 37 5
2 59 75
11 59 62
97 68 73
85 76 78
6 48 59
30 19 96
17 58 6
26 92 76
12 5 83
39 19 97
28 53 48
31 24 23
4 33 9
52 34 42
89 59 42
40 50 34
40 44 10
44 88 27
99 76 68
46 99 2
79 58 50
23 4 24
30 75 72
36 26 87
34 12 72
64 84 81
81 19 3
96 99 23
87 84 13
68 32 49
55 5 82
7 73 77
39 66 3
18 10 76
9 4 66
23 57 24
55 35 40
34 65 81
46 30 60
74 36 21
58 9 91
70 81 22
52 27 40
95 72 19
78 63 10
27 87 43
4 11 75
89 13 98
56 68 88
1 8 44
17 12 78
29 7 49
32 86 24
44 18 78
84 60 11
21 56 50
71 19 44
64 70 73
46 69 97
93 14 61
81 51 20
43 25 8
88 49 57
8 95 49
19 60 94
44 5 1
34 35 13
38 30 37
0 53 43
5 30 39
52 86 73
10 63 68
58 88 83
3 80 8
93 10 25
42 92 58
79 2 12
43 59 27
48 90 69
30 43 73
12 30 67
65 3 57
23 9 45
73 86 18
18 31 3
5 45 68
12 5 9
32 26 29
74 9 28
93 9 21
99 75 93
10 38 98
88 75 8
15 19 31
13 53 17
94 25 29
71 43 46
1 18 39
11 27 5
85 38 42
76 77 48
24 74 59
72 8 41
52 64 18
7 44 34
25 19 21
59 27 85
99 69 67
22 98 5
1 46 59
93 50 85
66 39 90
83 36 80
5 22 65
35 19 27
28 41 22
5 33 9
31 26 12
57 77 56
28 49 77
1 71 63
29 59 62
80 41 6
91 42 84
41 1 6
67 11 51
40 41 5
83 96 61
50 62 25
73 9 10
34 2 35
3 4 99
2 6 61
65 48 48
16 61 92
25 37 73
53 37 14
52 88 9
19 18 23
49 79 45
84 54 33
43 57 88
96 38 98
7 12 6
90 75 94
4 14 36
16 25 73
52 20 20
43 29 15
26 31 34
23 0 75
63 28 42
15 20 52
51 76 100
22 46 73
8 62 14
62 62 52
87 80 2
19 32 82
60 47 29
73 70 55
64 31 13
78 74 95
99 89 95
31 65 97
73 30 75
47 35 15
48 11 17
29 36 68
20 91 97
60 2 21
70 78 7
92 58 16
60 77 36
66 10 74
57 56 16
52 46 3
7 13 13
61 72 7
85 82 43
92 5 84
98 39 35
21 8 88
90 28 73
59 34 6
79 82 49
43 72 81
52 15 46
94 53 37
55 9 54
47 54 24
20 68 73
52 68 72
86 36 96
28 62 66
77 95 27
7 82 91
5 42 58
62 87 38
85 4 87
98 13 100
81 43 75
96 39 67
33 27 15
77 4 37
32 71 54
80 64 6
57 48 75
63 42 13
13 5 29
82 14 12
85 88 71
43 47 20
91 81 57
60 74 3
76 75 86
21 77 17
84 5 41
28 88 66
72 18 49
62 30 35
38 98 61
50 92 17
13 89 25
34 89 31
49 97 22
72 34 15
74 92 76
59 98 10
71 4 1
5 18 77
18 29 52
69 69 24
42 73 84
69 55 89
39 97 17
57 79 39
91 0 32
34 35 86
6 26 1
51 26 89
63 8 19
95 16 8
79 27 76
45 77 9
78 52 85
34 20 49
40 61 73
62 14 19
45 31 42
13 10 44
23 38 48
95 53 48
70 91 82
56 78 100
10 93 71
70 3 84
1 72 7
52 58 66
63 1 42
0 50 33
66 13 65
32 22 40
61 83 47
84 64 77
67 84 84
73 99 69
95 22 29
5 59 39
37 18 81
82 79 100
53 17 42
96 37 13
82 78 19
31 56 68
84 17 56
77 85 75
29 90 3
73 52 29
51 61 55
26 42 5
59 79 52
94 78 95
35 18 95
18 38 22
50 64 14
8 68 43
30 7 34
53 0 90
97 80 66
60 45 77
58 56 84
14 72 78
63 90 87
61 42 68
27 11 53
81 70 89
62 90 41
59 43 83
18 53 80
62 44 46
29 22 21
18 7 30
85 83 40
36 45 79
56 69 13
66 26 37
84 16 11
24 45 3
36 99 61
1 43 20
45 1 94
88 79 21
94 56 52
70 96 35
96 26 46
9 3 75
70 52 75
90 25 29
35 52 25
18 82 9
16 84 41
20 38 92
85 15 38
92 72 18
85 14 21
23 28 20
4 74 97
86 31 92
92 55 24
12 53 28
96 23 75
43 1 60
94 23 89
1 24 36
84 25 81
4 5 12
8 12 72
52 14 56
12 30 54
96 28 84
68 20 10
57 43 97
90 42 61
8 76 53
31 50 98
8 49 54
11 35 98
12 4 89
3 91 10
66 78 72
6 98 96
52 33 52
26 74 30
31 61 11
51 47 84
19 21 12
5 4 29
47 85 41
33 56 17
68 54 53
87 24 12
36 49 79
4 26 65
46 82 23
71 27 75
87 61 5
5 84 71
45 61 75
90 6 61
55 19 78
35 5 21
77 44 38
99 62 99
5 62 43
94 59 23
53 76 6
66 46 96
59 63 71
82 89 11
37 93 91
65 49 8
87 58 25
2 41 84
84 35 47
6 47 70
75 51 50
52 84 31
2 89 74
29 76 90
50 95 56
74 9 17
55 87 14
35 54 2
45 51 36
22 29 59
96 0 17
48 54 39
61 85 10
60 63 8
34 5 83
35 99 47
75 57 74
30 51 61
56 40 45
48 54 34
95 80 8
62 33 24
20 2 89
17 13 25
7 42 25
53 1 50
19 57 53
36 94 73
32 13 50
56 39 15
41 13 79
76 65 31
0 19 73
6 62 98
5 58 45
49 23 57
83 3 87
95 76 98
28 6 34
35 30 68
21 64 11
74 23 48
46 31 78
41 53 30
24 60 43
55 31 84
75 83 91
93 20 37
75 46 85
81 95 7
97 12 90
52 32 99
34 31 36
44 3 93
26 89 51
57 18 64
2 73 76
97 7 48
77 28 45
21 46 25
63 12 84
71 44 89
40 72 29
44 68 48
95 31 28
45 14 79
86 18 29
68 26 70
31 47 53
89 22 5
54 13 86
11 81 39
56 55 46
9 64 94
35 58 6
75 49 77
67 32 62
13 35 76
43 42 87
14 87 98
83 98 98
24 90 56
62 84 98
89 89 60
33 24 55
82 33 69
64 56 46
76 22 91
90 88 26
57 68 40
52 42 16
95 73 14
43 11 16
50 60 66
26 78 91
2 27 59
21 8 10
65 50 32
99 7 77
7 81 50
77 5 17
58 37 95
91 85 99
88 39 70
0 61 44
27 97 45
47 35 62
14 83 8
30 34 93
84 96 67
37 36 78
66 20 56
49 15 89
96 58 90
60 33 70
87 65 37
88 19 58
79 7 47
35 10 70
56 28 51
2 7 90
32 51 51
39 81 42
35 78 83
3 51 78
19 54 51
85 90 70
3 43 25
56 5 77
31 78 58
86 40 35
38 41 52
0 75 83
66 95 32
95 0 89
75 76 57
16 16 57
19 71 39
81 46 12
65 23 94
74 8 4
31 49 39
95 65 58
73 19 27
15 19 43
85 8 91
83 81 77
67 62 63
1 14 70
96 4 96
87 35 53
36 92 88
28 64 52
50 27 12
46 43 45
77 51 100
43 43 39
68 29 90
17 54 94
88 77 83
16 99 9
62 86 85
74 79 75
55 57 45
39 80 2
65 21 20
18 24 64
17 0 9
57 66 54
10 19 86
41 87 35
16 81 29
50 84 5
7 50 20
72 88 87
41 29 97
35 99 34
74 70 1
19 99 47
47 5 68
31 11 61
36 61 18
57 70 100
73 62 85
62 58 22
91 92 60
22 63 38
57 75 68
52 67 18
81 97 83
82 3 80
37 76 40
59 83 28
69 31 7
97 62 38
96 59 60
79 28 55
34 25 90
77 21 37
40 84 95
47 76 74
17 91 7
5 25 83
82 79 57
32 0 33
31 7 61
30 3 56
58 2 17
75 95 79
37 7 3
3 66 100
80 69 56
80 80 72
78 91 35
77 97 97
45 49 73
57 93 15
23 10 29
86 36 75
4 89 44
28 68 66
27 79 14
57 99 79
24 51 28
89 52 13
21 81 6
20 77 94
6 27 62
88 27 57
18 94 81
81 23 39
75 97 24
16 97 19
30 88 51
41 80 43
34 34 6
16 65 56
69 84 60
50 22 89
51 39 100
4 86 6
98 43 76
89 61 56
89 52 32
34 37 90
43 12 95
19 54 41
51 2 77
25 59 40
26 72 76
82 65 59
66 26 50
92 43 85
14 92 74
50 27 14
71 82 95
70 7 58
94 32 33
59 53 85
29 20 32
36 10 37
27 7 35
73 68 12
87 51 70
57 52 10
14 48 76
63 1 78
92 3 66
65 88 34
73 54 21
65 10 71
0 78 30
84 70 21
26 45 62
83 83 57
88 84 28
23 92 53
9 66 67
54 91 8
71 62 20
1 0 15
38 69 89
46 4 75
27 30 79
55 84 4
16 9 21
9 77 52
53 50 10
68 56 45
51 46 35
22 13 56
1 72 46
47 92 62
15 89 28
0 43 63
74 54 30
63 85 30
87 62 33
15 48 51
52 70 14
44 95 59
40 5 18
70 1 13
58 16 18
6 41 89
24 0 55
47 41 50
62 88 9
52 35 99
23 33 25
95 95 70
95 71 95
69 60 86
45 51 1
17 52 70
12 28 69
44 38 96
43 5 77
64 29 55
97 35 71
66 47 69
