// detail: https://atcoder.jp/contests/future-contest-2018-qual/submissions/2104049
1000
65 73 73
5 32 93
44 10 84
72 74 11
99 21 43
3 52 19
12 93 7
47 83 9
25 39 76
69 18 77
79 75 97
28 82 82
91 31 15
57 93 15
57 5 81
95 83 54
61 54 41
38 64 49
80 65 38
11 27 94
17 22 93
54 93 100
14 71 40
8 12 22
4 2 48
92 90 79
28 30 4
69 8 65
36 88 59
48 48 65
44 27 52
68 87 19
22 50 13
28 81 13
14 0 90
19 34 10
48 88 76
59 83 98
37 95 15
28 18 53
41 66 71
22 64 33
70 83 16
76 70 88
13 47 50
91 55 56
22 64 2
96 47 61
36 85 45
1 78 40
51 41 80
7 87 63
89 39 37
4 49 52
94 19 19
35 93 84
48 93 41
59 6 2
51 92 67
10 86 80
88 16 53
23 72 77
55 6 61
34 2 64
19 65 16
50 2 76
89 1 40
8 53 33
99 92 36
78 56 43
43 79 54
57 63 81
46 18 95
89 27 35
23 61 92
24 87 89
33 48 91
91 68 33
87 80 11
20 71 81
88 77 51
18 38 24
10 62 50
82 4 32
28 47 22
5 32 93
41 75 6
47 92 56
99 52 59
68 17 84
17 26 95
14 1 51
84 5 71
68 61 26
86 51 92
59 10 69
11 29 96
18 26 97
22 41 86
42 66 87
12 42 93
66 12 79
84 61 47
71 68 28
69 20 62
80 8 42
64 40 90
37 57 36
35 99 48
98 92 8
12 42 87
84 3 20
80 20 87
13 75 50
22 40 62
68 49 54
35 42 34
44 25 27
44 75 86
4 78 14
31 86 70
86 6 27
88 32 18
89 47 36
2 51 13
40 62 65
74 14 51
41 10 98
74 68 65
60 40 76
34 23 90
20 82 90
27 83 82
82 27 65
36 93 96
45 89 75
61 4 61
68 30 12
63 37 24
72 12 86
62 28 93
89 2 72
46 82 70
23 60 80
30 92 88
33 52 65
49 76 80
37 46 84
15 66 94
25 57 93
13 55 19
43 67 100
72 94 39
71 46 8
5 38 92
28 85 86
24 77 33
6 70 84
6 25 30
56 74 37
78 68 73
24 57 6
8 87 26
35 61 59
73 78 31
19 79 9
92 34 82
8 48 28
7 54 33
35 37 90
70 63 21
2 93 79
82 28 29
86 20 99
60 89 17
74 33 93
53 34 94
68 64 88
55 70 68
92 64 51
20 73 51
83 65 46
85 71 33
99 37 52
80 53 15
30 95 60
11 33 22
40 29 51
96 49 100
80 94 24
58 90 65
25 66 95
48 77 72
18 36 63
7 1 98
42 88 59
73 72 23
8 28 32
29 80 45
47 34 17
46 52 25
9 41 48
34 2 88
20 82 19
88 93 45
59 80 76
0 1 9
88 54 23
48 50 10
33 96 87
97 48 91
55 72 85
85 98 61
50 55 87
71 53 38
4 20 36
34 70 48
69 94 81
55 5 46
49 8 92
38 1 7
48 70 35
75 80 69
60 21 83
15 50 47
22 64 2
32 44 78
21 46 74
86 28 2
57 47 15
86 83 38
16 12 55
27 23 84
3 76 88
67 74 97
65 1 92
34 33 42
44 17 65
61 64 3
80 62 43
80 65 81
1 74 86
92 46 39
39 42 42
18 76 16
90 1 73
77 68 75
57 23 15
73 89 67
20 55 96
99 47 9
88 23 12
54 13 1
11 20 56
53 42 92
47 26 89
49 18 11
30 3 42
15 70 43
66 28 33
19 72 92
43 40 43
80 77 54
51 36 89
72 66 49
19 4 29
23 26 64
25 71 85
32 69 45
67 73 54
69 35 86
15 92 49
11 57 3
96 14 97
35 45 83
22 5 85
93 43 14
61 43 3
16 41 49
7 11 72
98 13 52
0 82 49
3 4 75
47 8 95
26 27 60
67 37 74
49 57 12
7 21 78
87 55 93
83 99 99
0 4 47
78 45 2
92 35 11
34 19 49
10 93 36
66 82 17
90 49 52
22 58 2
60 38 93
21 60 75
3 67 6
23 47 5
48 95 30
5 22 3
10 62 39
10 44 76
42 68 21
76 40 51
47 25 94
45 18 55
9 71 23
36 31 100
43 87 47
31 18 88
87 85 75
49 59 44
10 97 95
64 79 93
1 27 28
55 76 23
58 50 78
22 96 52
27 74 32
39 14 58
29 58 98
33 89 56
23 98 14
97 82 69
60 92 40
30 82 52
19 88 12
24 73 16
57 12 37
23 69 86
12 71 84
84 35 22
42 68 39
72 32 26
56 8 69
56 9 5
59 97 93
27 67 27
93 52 86
29 23 25
19 47 77
28 85 59
85 23 58
18 35 62
13 47 57
33 15 66
47 1 4
32 64 20
40 32 5
4 38 31
36 13 93
61 53 33
49 28 71
57 71 34
94 41 63
78 14 21
70 60 85
67 29 23
21 34 84
57 35 54
54 28 86
27 82 23
69 52 95
71 84 88
42 90 78
17 85 71
57 62 19
84 34 79
93 16 32
17 40 67
49 39 41
64 50 91
48 14 60
40 9 10
26 46 77
97 25 40
45 51 97
60 0 74
35 70 95
54 81 14
38 99 13
75 22 93
47 25 41
87 69 72
11 64 1
56 58 36
49 96 39
92 72 37
17 36 40
67 29 28
96 41 34
93 49 58
97 98 25
31 97 48
99 58 83
25 49 84
20 26 13
59 52 86
75 46 28
23 58 34
53 27 44
60 91 76
38 65 16
43 6 8
58 18 47
91 93 15
54 39 35
3 94 51
15 37 37
95 18 4
30 74 41
91 78 71
51 86 15
54 87 85
68 77 21
52 48 35
86 84 54
60 16 67
99 97 34
93 45 2
39 90 48
59 60 33
67 67 41
76 87 55
47 0 100
50 35 18
30 10 37
49 9 35
50 17 6
74 39 29
37 58 42
13 62 98
37 56 65
35 85 29
94 10 45
46 13 17
14 96 63
63 10 83
65 37 29
60 9 44
27 40 76
12 39 77
13 34 86
2 13 80
53 42 73
8 55 100
37 51 5
36 7 44
66 21 96
6 95 26
16 24 95
68 8 93
53 82 19
15 33 27
78 59 84
30 10 16
10 57 30
29 23 59
86 38 34
32 93 66
28 7 87
60 33 37
85 32 35
27 55 74
28 69 19
25 58 96
7 83 12
80 43 39
43 34 2
36 82 18
59 68 37
0 87 27
40 18 27
47 45 26
28 30 50
3 1 2
87 61 81
85 25 11
54 48 12
95 17 47
35 96 51
64 68 35
37 75 83
92 85 88
69 60 86
33 99 14
36 87 34
0 96 69
37 74 44
73 46 87
62 92 2
27 59 97
75 64 63
15 66 74
66 95 24
40 63 13
72 21 50
45 6 78
60 82 1
29 27 95
91 11 30
96 77 41
86 42 49
89 5 36
51 21 22
60 81 49
45 44 59
78 1 26
37 17 34
71 14 25
43 46 85
68 24 3
44 70 66
30 1 22
64 30 64
61 94 86
3 0 2
99 84 84
83 60 11
4 6 61
7 15 76
71 93 60
51 83 45
19 63 12
83 62 91
37 14 19
9 23 24
48 68 62
23 44 63
1 32 65
92 40 12
5 23 87
93 93 38
4 10 59
88 84 38
37 16 70
40 46 94
39 42 31
84 6 95
14 95 50
97 97 99
80 27 24
47 25 40
4 91 22
81 52 14
12 60 85
24 86 76
40 8 87
18 0 46
81 68 65
39 79 46
88 7 61
60 55 5
61 37 39
30 36 3
72 58 91
17 72 47
10 37 10
21 4 90
12 62 75
25 66 5
22 12 13
23 40 46
0 52 53
27 10 97
84 10 73
31 93 43
55 11 97
18 29 90
36 67 51
71 95 41
30 36 72
34 8 72
90 96 66
92 64 21
41 30 28
60 84 95
64 28 70
79 70 3
8 51 31
70 87 74
95 29 5
59 44 75
25 50 3
1 41 45
24 63 48
23 24 47
62 23 31
3 7 68
71 98 14
16 73 5
41 67 10
92 44 36
63 29 34
53 35 82
92 63 35
72 55 8
55 32 28
31 8 65
90 39 70
37 88 47
8 56 78
45 60 75
35 79 67
12 60 43
60 56 36
96 11 45
80 99 44
6 8 89
24 57 7
92 49 6
13 26 42
87 92 27
4 94 4
60 84 24
41 43 73
32 71 100
29 41 76
25 4 90
3 2 49
36 68 51
15 43 78
8 46 35
1 73 65
56 39 18
88 67 63
67 65 66
16 92 87
54 63 56
77 35 70
52 84 91
78 68 74
0 92 42
93 80 45
38 31 46
35 20 3
58 37 38
74 83 85
30 67 77
64 61 28
69 78 12
12 96 37
21 25 72
91 88 76
68 21 86
68 78 62
88 66 44
53 19 99
32 25 2
53 95 2
97 83 32
14 24 50
33 73 83
9 61 43
31 14 97
9 53 63
99 9 90
15 76 43
84 63 60
13 80 72
35 68 78
17 94 53
44 54 98
83 35 53
79 26 6
48 22 53
49 70 73
39 54 34
12 82 55
36 77 9
37 67 94
11 74 94
12 61 21
91 65 47
12 63 75
84 83 98
37 83 42
7 11 58
99 96 62
44 5 13
98 8 78
89 93 16
59 68 53
59 36 62
32 5 6
73 74 39
59 75 47
57 46 42
14 30 4
83 12 26
79 68 4
55 93 58
69 70 71
6 72 16
45 25 48
27 75 54
99 73 70
23 32 78
66 88 10
83 22 64
12 23 4
74 80 16
58 24 13
48 51 52
68 53 4
78 59 69
94 87 56
97 31 87
3 3 37
73 89 53
95 86 49
54 94 50
12 18 46
32 69 99
41 51 23
18 55 80
74 88 30
88 89 36
8 62 40
17 71 25
79 32 36
7 0 66
3 61 60
1 66 42
70 62 19
4 56 81
64 85 49
57 46 49
23 54 98
13 93 33
57 42 48
21 0 85
63 34 99
57 15 42
20 20 23
35 65 75
64 4 7
59 53 34
76 22 87
34 84 94
15 37 16
74 44 72
94 49 10
34 88 70
29 54 71
54 37 27
26 35 90
70 96 90
26 45 90
61 45 79
98 76 51
5 89 26
73 93 77
98 41 17
65 30 64
84 30 47
63 69 86
60 55 97
4 92 42
26 48 47
82 80 5
78 83 60
19 24 66
45 28 92
97 28 42
20 52 14
26 89 16
90 98 24
93 38 22
1 48 45
31 47 93
77 63 9
12 34 95
51 12 54
81 65 89
41 10 75
2 84 41
75 0 7
31 92 83
28 85 46
38 18 77
68 61 82
99 20 66
33 8 19
66 22 78
62 9 81
35 99 76
94 46 65
4 3 95
33 46 72
73 84 97
49 60 42
77 60 5
54 42 38
9 69 24
69 9 26
29 16 84
2 40 87
17 44 20
12 11 59
34 66 75
41 7 72
69 17 10
83 32 97
23 28 58
38 32 78
88 82 95
69 4 78
88 71 92
10 79 17
69 65 50
93 67 77
63 15 10
52 0 40
63 93 85
34 26 60
76 79 60
42 71 77
11 65 10
44 53 37
27 59 39
93 14 68
47 77 62
81 75 65
15 83 83
2 53 59
93 1 93
32 81 48
4 27 42
20 82 3
14 66 10
73 72 42
1 70 80
17 87 97
98 95 5
42 27 36
94 9 13
98 51 53
44 95 26
38 36 88
73 74 96
59 67 57
2 42 12
41 1 31
79 23 62
43 34 34
43 62 48
53 26 21
37 63 63
57 76 25
63 10 35
92 91 61
1 39 29
95 87 33
24 0 56
29 19 76
38 48 62
39 42 75
87 67 49
22 69 52
94 45 14
34 25 39
96 87 80
48 42 96
5 95 23
15 29 74
65 8 45
34 19 76
63 71 16
7 52 25
12 26 18
24 1 43
19 37 76
64 80 80
43 37 7
13 34 48
99 72 39
75 57 9
7 7 27
85 18 55
23 89 83
55 36 17
25 81 95
80 43 40
45 48 29
65 38 30
69 97 38
68 8 81
86 84 17
9 17 95
16 81 20
21 41 92
44 88 49
90 88 54
0 66 77
46 77 10
80 42 17
44 16 69
64 2 29
2 69 53
47 16 65
47 64 10
20 24 55
84 68 51
28 26 10
84 68 90
4 87 8
7 76 23
78 19 66
98 4 40
10 42 67
96 90 73
89 0 3
14 26 1
2 43 22
13 16 38
59 80 35
86 45 83
92 40 88
89 69 46
44 22 21
15 74 27
31 79 37
37 42 16
87 90 62
54 52 81
48 12 51
28 39 72
5 24 45
84 51 98
32 47 79
57 70 5
27 87 70
95 82 85
1 69 86
66 99 56
21 38 89
7 88 58
42 63 31
49 57 98
82 47 76
86 5 96
84 77 68
4 74 66
11 53 31
66 27 18
33 86 73
36 63 14
9 25 60
21 15 55
21 78 78
19 13 83
56 62 65
90 29 70
35 64 12
70 43 83
27 76 37
13 63 72
25 93 85
62 24 81
36 63 63
13 83 44
35 39 41
95 57 13
0 43 5
50 1 47
49 86 30
24 41 40
65 55 16
6 94 21
98 94 86
84 54 67
7 22 29
68 35 5
42 79 67
24 13 68
14 22 93
85 60 86
51 12 23
23 48 76
28 29 46
20 97 11
74 63 90
38 43 27
18 81 52
72 29 10
20 41 43
48 39 20
28 60 35
0 33 90
44 31 75
0 40 7
59 69 83
56 97 98
78 76 80
13 67 27
