// detail: https://atcoder.jp/contests/future-contest-2018-qual/submissions/2104118
1000
69 2 9
85 27 63
91 95 49
11 91 14
41 6 88
9 27 80
14 77 30
23 90 37
44 30 20
3 17 54
32 7 7
17 19 53
16 26 2
50 20 14
66 34 93
66 87 33
43 5 28
56 16 27
71 46 60
72 41 45
90 88 26
42 26 85
54 71 88
82 40 2
25 64 58
63 4 57
91 78 44
34 7 13
26 76 92
80 46 21
40 44 33
57 7 33
88 24 56
8 59 64
45 8 13
73 78 100
69 8 43
3 28 64
1 3 29
13 16 51
93 21 26
14 42 44
16 68 5
72 75 28
48 83 67
27 89 47
47 0 46
39 11 39
78 37 64
69 3 5
51 22 9
5 15 86
38 78 67
16 4 11
95 44 81
62 2 46
44 74 15
82 13 64
52 54 11
87 36 53
80 47 66
0 21 54
19 43 69
28 36 12
27 31 97
35 91 15
5 63 36
65 72 30
37 69 10
45 0 62
22 51 43
61 36 58
92 95 24
27 43 7
77 16 86
3 2 83
67 17 11
96 29 21
17 62 23
36 10 53
91 74 91
54 53 86
16 13 43
86 90 44
91 78 21
76 88 57
91 34 15
74 78 31
98 26 70
22 44 22
82 56 86
71 83 70
16 70 11
0 34 37
87 28 28
67 52 52
47 88 22
66 92 24
85 17 97
60 56 28
63 94 70
68 4 82
58 20 96
51 60 66
93 91 1
25 87 98
3 31 22
18 22 4
47 16 12
62 33 67
20 3 15
83 37 88
67 66 72
93 9 33
56 96 29
56 20 2
70 7 31
46 4 26
53 92 20
13 68 89
17 43 35
76 78 5
51 10 55
60 58 69
26 10 23
36 62 27
75 91 44
10 39 74
36 74 100
36 77 93
68 1 46
83 23 14
45 27 66
71 52 58
47 10 97
9 67 95
3 64 78
93 38 78
92 7 5
61 40 52
52 15 81
9 92 58
70 43 35
56 38 36
8 51 40
86 63 30
24 74 55
5 33 14
15 22 11
68 38 64
56 84 35
61 66 38
77 85 66
39 86 25
7 94 74
89 32 88
85 6 45
22 84 67
97 47 30
67 94 18
94 2 53
71 47 55
1 47 33
49 9 26
11 85 36
30 98 40
87 73 91
70 30 33
19 34 1
68 64 20
55 57 92
48 92 85
72 36 95
19 88 33
55 36 98
19 11 100
78 14 50
90 27 69
74 71 20
67 99 14
1 80 31
60 94 100
81 63 41
51 5 10
92 15 86
5 15 95
35 0 24
1 90 98
17 65 78
70 21 69
12 52 85
28 18 56
2 42 90
45 85 96
6 74 57
87 45 13
83 69 57
25 32 100
90 47 91
80 90 77
69 58 43
72 39 54
25 64 98
77 3 74
52 37 16
75 95 64
88 30 21
65 87 53
12 34 21
85 85 19
12 69 100
13 23 75
53 34 36
3 62 29
62 6 14
83 73 43
84 15 53
74 92 61
56 4 72
37 60 53
80 87 27
79 12 35
21 39 15
88 69 62
28 85 69
39 3 82
86 76 62
78 1 71
66 38 78
39 4 20
50 63 75
30 23 23
2 83 42
79 9 35
28 43 94
91 46 55
39 17 2
90 51 32
38 2 87
3 60 75
57 29 83
42 85 7
87 45 10
46 84 68
87 7 15
27 97 6
77 22 40
70 47 88
18 60 13
90 92 69
83 46 71
14 22 81
99 33 6
87 51 49
45 93 81
81 50 92
64 58 53
28 26 86
82 34 30
42 24 26
41 44 54
88 10 86
97 73 86
34 28 65
0 90 19
91 25 55
54 37 58
21 26 82
16 2 21
32 79 36
98 4 10
27 93 8
42 4 31
95 31 78
6 77 31
35 28 84
67 91 10
75 88 35
68 20 66
72 72 56
65 12 42
97 36 72
2 20 45
11 49 69
71 59 54
27 62 50
98 28 75
37 65 89
73 70 17
22 59 74
42 17 80
75 77 67
83 56 89
59 33 9
39 3 90
88 4 30
81 88 6
16 74 92
81 28 48
53 24 14
55 80 62
18 16 80
89 96 30
34 91 7
8 86 96
66 98 10
46 85 67
87 41 19
68 26 44
35 94 50
19 30 33
75 4 54
47 68 35
57 99 9
47 94 45
46 55 36
96 15 78
85 54 40
47 15 87
90 97 91
36 1 50
27 15 62
74 33 83
42 19 78
22 36 34
58 87 95
21 22 19
8 39 80
19 81 77
93 75 37
14 4 19
44 21 99
6 20 80
83 19 23
0 54 44
0 63 66
53 89 29
39 69 76
72 28 10
70 55 82
32 81 6
93 75 63
59 78 16
35 99 68
15 85 51
43 55 33
83 19 19
11 87 87
8 75 36
90 72 94
36 83 13
98 51 39
64 54 27
81 88 33
50 18 38
61 24 32
25 76 74
77 87 84
10 21 42
19 85 1
27 16 7
22 46 17
2 17 35
59 79 49
53 49 79
33 61 17
96 94 52
51 65 44
20 59 44
76 35 78
44 45 70
26 1 73
26 75 73
68 6 55
97 13 98
72 71 86
52 77 61
25 70 92
49 76 52
10 2 88
20 73 30
4 62 82
79 27 49
6 7 34
44 75 36
44 54 100
46 95 36
58 24 59
17 19 23
78 77 26
68 63 74
32 48 34
72 40 99
63 93 45
84 46 18
27 28 43
3 52 70
99 64 55
99 62 50
71 87 44
59 1 98
23 38 92
7 59 28
2 19 15
1 30 50
91 21 79
88 90 92
27 22 26
3 69 100
66 33 87
84 1 1
55 4 93
94 61 56
26 67 17
15 48 34
55 45 82
52 55 89
71 83 98
99 79 27
72 20 17
39 41 27
41 18 19
61 46 74
57 44 8
70 9 71
75 12 75
39 95 72
65 61 26
45 60 66
3 3 26
66 22 89
39 34 27
37 21 31
62 41 100
8 95 59
81 1 22
74 24 15
52 80 73
92 74 28
48 96 6
0 58 91
48 91 23
66 78 76
44 85 39
91 77 2
19 57 67
67 64 60
44 76 27
11 61 43
16 94 61
46 89 26
25 9 84
9 7 52
36 62 71
46 30 40
23 8 4
18 73 65
8 81 80
93 56 83
11 84 78
27 50 85
62 45 44
13 66 16
18 10 98
62 31 3
89 45 94
87 88 54
39 45 22
96 38 9
93 79 54
1 98 24
21 56 60
33 84 33
43 10 90
35 0 11
14 93 98
77 4 12
36 71 97
71 88 6
63 13 8
35 67 88
9 17 13
74 41 23
90 3 62
61 91 26
64 51 93
58 29 93
58 16 76
89 12 75
74 97 16
54 70 19
25 8 91
2 73 84
98 87 53
75 87 49
97 75 81
18 7 38
60 52 85
62 77 52
12 20 53
38 0 92
7 36 81
43 83 84
35 62 26
9 7 43
87 83 77
74 39 38
41 3 91
78 41 66
34 10 32
39 37 54
78 60 88
61 68 99
68 54 40
97 83 46
59 51 46
89 75 42
22 85 29
62 44 45
48 76 96
62 56 21
99 43 73
19 78 95
55 73 16
78 6 86
45 44 21
92 19 91
20 92 36
37 17 53
25 63 17
90 13 40
3 53 46
19 45 41
73 87 21
98 34 50
26 44 80
90 17 48
24 3 58
52 42 65
85 62 74
20 94 63
78 12 61
23 22 1
87 26 100
27 19 80
17 22 6
33 11 74
20 82 47
16 13 58
82 51 12
81 81 31
14 53 94
5 67 23
89 50 70
26 3 39
48 44 85
25 82 21
6 52 52
0 47 60
63 9 47
3 41 72
89 53 93
16 13 67
86 12 3
83 44 9
51 41 27
8 68 17
73 4 17
91 75 30
79 14 54
34 89 59
23 33 10
98 37 51
93 79 32
65 39 71
65 70 56
90 96 54
80 55 42
77 30 85
55 98 79
63 84 47
60 99 71
91 60 59
46 53 5
76 62 37
85 55 66
93 73 53
21 89 66
47 1 35
17 93 4
25 43 87
19 30 96
32 52 88
0 21 11
97 91 44
96 51 94
52 92 23
66 9 26
26 89 96
81 60 99
83 74 15
2 21 58
65 4 80
41 0 51
78 40 100
89 24 46
69 98 51
88 12 2
81 6 82
61 93 42
47 51 40
89 64 95
43 95 71
33 31 48
61 58 93
72 88 70
73 84 66
50 59 10
48 95 63
13 21 63
76 4 59
38 41 97
58 36 24
52 46 77
75 83 68
50 27 2
56 9 19
12 88 10
76 97 40
77 41 70
32 30 75
55 57 75
36 23 18
96 61 100
93 21 39
36 22 24
89 45 16
8 4 13
44 11 17
49 62 92
4 28 96
54 67 64
2 67 27
93 14 52
84 60 96
66 19 15
71 87 23
16 35 97
1 24 74
9 58 94
58 87 62
73 39 81
4 86 2
22 81 3
97 96 79
64 24 45
64 78 93
49 25 23
16 88 41
46 0 44
90 40 10
80 82 28
90 11 22
15 9 81
13 96 54
20 66 40
65 37 48
29 45 81
48 9 10
86 4 99
87 5 87
5 32 89
93 64 15
51 74 14
23 49 17
12 83 30
69 96 70
1 81 64
43 8 96
29 32 21
18 51 55
70 75 5
41 55 65
12 74 3
72 14 64
34 6 44
11 36 27
80 17 56
29 86 25
23 9 72
93 64 33
41 33 71
6 0 22
12 18 76
12 4 23
67 76 68
47 56 3
52 65 97
94 85 35
99 41 90
27 18 94
40 19 58
70 31 29
93 28 54
22 99 66
98 15 61
33 62 58
4 23 54
69 41 100
83 94 96
83 7 60
32 32 48
29 72 86
12 44 46
86 54 29
96 30 67
78 96 71
74 13 80
32 23 96
40 18 79
58 34 38
33 57 22
94 37 15
65 16 44
75 68 66
12 18 17
72 20 12
33 5 99
25 9 42
27 47 10
99 89 2
54 1 58
8 53 98
7 49 41
99 13 28
27 99 46
61 20 53
79 68 46
67 25 30
39 8 49
80 67 38
52 13 28
89 68 15
55 4 13
66 65 72
18 81 93
18 45 58
96 13 28
4 20 22
3 87 77
28 69 46
49 27 83
50 47 48
0 85 32
78 53 64
40 60 51
74 96 45
37 68 11
38 31 2
57 95 94
6 86 29
38 27 36
67 17 39
36 68 82
92 65 61
26 65 8
64 64 8
18 76 39
79 38 49
82 58 44
81 40 100
1 41 47
50 87 27
28 20 91
59 38 29
10 92 4
97 59 14
41 93 32
86 35 11
37 6 90
34 32 60
95 55 76
29 91 72
14 76 79
81 83 92
64 6 39
10 16 94
45 85 100
77 87 95
68 15 7
36 60 29
37 41 89
31 64 31
0 81 2
79 83 84
35 7 11
87 69 77
19 27 38
43 89 48
60 18 16
28 61 24
65 25 64
97 44 90
3 33 43
55 57 36
92 13 50
63 89 28
84 81 94
77 17 34
38 41 100
41 71 94
15 19 68
25 61 6
67 85 64
68 31 37
34 11 18
2 51 77
45 44 77
35 44 28
77 88 9
30 59 51
37 62 10
96 40 39
15 14 53
44 96 52
64 63 51
57 43 54
63 36 91
23 43 28
17 27 76
40 95 21
97 37 27
60 31 17
74 85 72
26 34 38
71 1 49
25 71 29
77 20 46
55 14 71
60 14 67
82 79 14
63 75 67
79 94 7
72 51 33
81 30 59
82 84 3
0 99 43
26 39 4
94 63 76
75 42 71
56 47 18
50 92 54
5 63 7
18 92 55
89 0 68
96 96 91
87 73 78
68 60 63
24 3 88
57 16 13
91 51 53
83 16 5
15 31 86
52 24 22
43 29 8
88 37 40
36 45 15
32 88 17
93 88 88
55 73 37
66 48 95
94 27 89
49 53 85
10 81 66
52 82 97
56 72 79
2 36 67
48 68 19
45 6 11
83 90 76
17 60 6
49 86 77
74 96 3
66 86 32
2 73 65
49 80 54
20 37 17
56 0 38
70 65 28
76 49 22
78 13 64
9 93 69
60 3 97
20 29 24
76 83 98
82 93 96
1 43 27
4 63 54
59 8 8
15 79 69
96 98 48
81 88 21
68 93 28
96 89 78
57 0 56
40 80 65
87 35 73
32 22 54
42 21 51
57 97 86
8 92 72
28 71 32
23 95 96
77 61 48
15 5 55
49 47 11
45 19 76
43 75 92
96 64 77
94 86 68
17 58 44
42 35 98
53 29 30
71 64 86
69 10 22
72 64 65
99 93 22
87 12 79
10 65 65
80 79 55
55 29 10
28 7 51
4 73 71
4 96 19
81 74 3
90 74 66
17 71 1
59 42 41
93 77 47
65 32 18
80 20 98
22 63 83
76 88 51
18 68 92
41 42 98
3 53 39
23 20 92
46 10 9
1 43 88
16 82 78
4 86 42
0 71 24
21 6 59
20 61 34
62 46 4
9 18 1
43 90 25
8 89 60
26 34 58
89 68 21
95 7 7
20 14 30
97 88 19
74 29 95
80 3 7
5 31 12
52 92 26
34 73 40
53 96 98
29 74 38
13 79 86
85 72 2
74 89 33
74 59 78
82 69 62
77 28 34
53 68 51
93 84 77
42 8 35
67 67 19
32 68 15
28 8 98
56 42 32
52 31 90
79 78 34
48 52 5
78 76 69
64 23 54
87 67 96
9 43 65
67 54 23
14 42 92
63 1 9
11 68 34
2 48 38
8 14 7
43 94 4
30 89 39
50 68 93
8 41 89
