// detail: https://atcoder.jp/contests/future-contest-2018-qual/submissions/2104546
1000
28 94 4
28 74 10
79 47 81
66 0 82
57 46 76
56 51 56
28 58 24
84 12 6
73 13 44
92 64 38
84 88 94
79 89 55
66 60 18
35 22 41
81 60 30
60 7 13
38 15 45
80 85 10
85 91 83
45 2 62
13 34 84
43 29 13
35 25 58
21 90 92
38 93 37
83 3 53
76 13 7
31 1 97
40 4 4
84 94 46
19 21 6
56 22 36
57 85 32
64 72 30
55 64 26
53 89 40
20 2 89
30 69 90
55 82 81
34 3 73
56 51 79
59 2 17
33 29 72
1 73 66
21 59 42
24 76 85
71 87 63
11 11 93
57 36 53
16 1 88
2 70 83
6 8 69
98 43 63
56 67 61
68 66 77
70 9 58
48 78 54
43 10 64
57 92 88
86 2 14
64 17 29
31 99 51
30 62 52
20 73 34
22 15 68
2 43 46
63 34 28
42 68 71
34 6 61
66 96 64
81 12 89
49 39 51
79 37 68
73 40 95
53 75 53
20 21 96
96 55 50
42 70 69
33 22 50
5 97 41
90 11 14
35 39 62
92 73 24
17 70 54
25 90 42
80 36 41
65 61 86
12 70 42
61 86 90
20 63 18
48 21 41
27 30 77
81 65 37
91 75 49
72 26 33
96 64 81
74 53 34
56 87 84
2 78 89
19 74 1
19 72 58
53 16 97
13 98 8
12 99 19
51 74 34
37 87 92
9 65 70
9 46 11
84 92 35
57 72 53
88 9 92
36 19 4
38 66 11
83 83 67
73 9 55
62 52 14
97 65 39
97 10 57
78 10 74
47 69 25
62 3 74
2 24 38
27 15 3
30 46 22
81 73 83
50 36 38
56 69 88
68 7 55
14 38 100
82 58 10
77 38 45
33 68 28
93 18 33
64 35 38
58 67 20
64 63 85
74 75 75
36 91 48
37 41 97
19 88 87
38 92 58
93 0 56
24 95 53
2 57 66
5 39 35
97 10 41
35 97 76
62 8 31
35 41 95
44 96 28
31 74 78
93 73 44
80 65 15
11 40 16
79 19 66
56 31 53
13 87 32
3 31 92
11 23 32
74 5 60
61 27 100
25 71 84
35 59 14
38 64 93
73 71 5
7 30 37
12 26 58
42 31 57
43 75 91
86 82 51
59 6 8
55 50 61
16 54 49
82 21 73
86 75 24
39 77 8
34 51 41
95 9 80
49 66 97
43 82 97
93 96 25
63 79 59
32 18 22
91 91 77
88 30 6
85 56 4
33 51 46
30 52 79
57 64 45
28 53 32
64 73 20
99 89 73
48 23 44
12 54 60
86 90 61
11 54 27
74 64 11
40 57 79
98 10 45
93 53 63
61 4 13
37 27 19
57 36 42
33 84 81
60 68 98
86 91 10
65 93 58
65 54 90
21 71 64
41 1 27
75 2 18
81 51 51
47 96 64
42 54 66
85 88 28
77 80 90
81 12 67
82 75 61
52 43 51
70 16 4
2 63 36
62 5 83
63 26 18
47 86 96
46 70 87
39 80 14
62 91 92
74 7 90
7 93 28
4 76 56
47 24 81
7 40 39
30 70 84
45 61 2
19 34 74
71 36 53
21 13 64
84 8 73
12 28 4
93 55 13
55 6 51
9 47 63
15 86 31
95 9 58
77 64 78
37 2 74
16 36 58
22 30 64
92 10 17
55 95 60
82 37 16
71 90 56
98 10 35
58 3 98
69 26 5
53 54 92
42 22 27
30 77 67
55 80 24
87 64 85
46 7 92
71 60 20
42 6 75
22 86 40
39 5 81
7 0 5
59 39 4
72 13 74
80 52 61
49 63 58
79 11 94
97 12 97
53 98 14
32 11 96
17 67 84
87 38 20
33 95 28
66 28 26
28 74 95
65 38 56
59 40 44
64 90 76
93 89 94
84 54 3
91 74 29
55 55 94
90 93 15
41 63 69
77 60 84
68 69 39
49 88 8
5 73 19
52 0 25
55 41 50
73 49 42
25 75 2
97 20 20
1 75 46
41 18 78
75 87 31
92 25 21
55 35 67
95 86 2
57 3 3
16 82 53
12 15 62
74 52 86
29 71 97
19 95 61
62 11 56
88 77 14
94 63 17
29 18 15
75 30 90
0 87 18
64 85 41
93 76 51
16 48 83
92 63 2
71 36 88
53 33 23
46 69 74
89 69 20
36 83 98
47 99 23
96 76 85
26 2 11
67 16 83
52 72 30
78 2 1
62 5 83
74 69 98
14 54 66
91 22 64
21 57 94
53 16 97
60 96 35
17 45 82
24 33 65
87 41 98
44 58 68
66 21 79
62 20 78
72 29 23
66 82 28
94 93 60
89 46 4
80 18 54
66 45 8
48 97 37
33 27 61
68 47 65
96 2 84
15 38 44
19 35 68
59 51 11
1 30 88
52 98 43
41 64 41
61 0 77
18 14 71
41 39 3
9 45 36
63 45 39
76 74 9
7 8 31
86 54 42
44 94 68
96 28 30
18 27 31
71 35 3
54 44 25
73 25 44
65 50 54
75 38 33
96 23 72
34 81 4
10 22 47
82 21 68
3 45 59
20 91 19
5 39 11
36 69 78
84 34 84
34 21 5
35 69 57
35 47 6
5 84 94
74 61 61
3 72 71
4 17 81
85 92 7
35 70 47
69 60 55
94 50 48
20 23 2
89 47 53
11 15 46
53 15 8
72 78 26
50 33 98
7 27 65
50 49 30
45 47 100
10 66 88
51 11 35
46 54 39
59 61 26
18 93 3
82 79 25
99 63 93
68 66 28
4 34 71
30 70 75
19 44 48
53 48 50
58 2 5
20 26 25
87 91 20
72 36 35
62 68 18
5 93 85
54 89 48
60 94 25
11 16 85
11 87 18
25 65 93
0 71 25
67 26 38
68 28 76
55 32 99
36 15 50
4 14 99
10 46 60
2 98 9
80 9 58
87 23 52
49 94 72
89 62 45
93 85 68
47 86 9
19 52 10
26 75 49
82 7 74
19 15 20
33 45 21
16 87 18
27 28 53
71 53 86
74 94 54
5 11 77
31 63 8
98 30 47
46 54 82
56 5 17
78 30 80
52 56 65
71 24 46
97 67 59
3 95 47
24 99 82
95 24 97
44 35 100
59 35 63
74 70 34
36 18 71
36 93 24
6 22 39
36 34 35
78 81 97
96 42 36
0 69 3
47 61 82
67 81 96
80 40 69
49 44 55
12 8 97
88 67 50
23 18 25
43 59 91
62 66 2
3 63 41
27 74 49
78 36 58
36 69 13
75 73 83
17 34 38
27 66 21
47 55 76
33 24 52
25 4 3
91 5 63
41 24 25
75 22 71
6 81 73
86 99 46
84 95 93
42 73 73
0 82 1
28 3 56
65 41 98
44 0 80
55 45 65
97 34 97
5 89 13
14 21 33
48 8 57
77 96 30
59 83 79
30 38 71
62 60 22
69 10 29
20 9 82
40 31 55
81 34 9
43 37 85
7 86 9
15 80 43
99 88 93
68 85 18
48 25 8
41 35 22
75 83 80
84 41 60
51 55 78
49 43 10
68 63 94
94 70 53
62 47 81
26 17 23
83 52 25
11 92 54
94 40 100
34 68 2
5 23 93
49 64 26
65 97 93
30 47 70
71 54 3
55 26 36
41 96 14
4 48 90
82 87 64
24 55 4
10 81 96
92 36 48
60 13 31
55 61 21
77 0 53
55 40 86
98 39 62
11 93 20
35 48 23
50 14 78
9 41 43
36 20 14
21 26 66
2 42 14
5 86 36
93 27 96
84 27 95
25 73 64
89 46 89
76 4 89
25 57 100
53 93 21
25 41 28
86 81 62
20 43 45
48 6 55
31 42 22
74 66 35
30 84 16
79 47 75
25 45 23
77 77 86
14 99 94
15 68 34
68 45 47
33 5 78
66 41 88
34 92 63
14 98 92
12 23 57
52 46 42
53 61 37
39 90 67
59 81 55
61 16 22
35 6 69
88 44 80
38 13 54
87 91 1
60 10 27
94 49 77
84 63 23
92 62 32
57 94 63
58 54 61
80 20 77
88 79 93
70 24 27
77 61 81
88 66 71
83 79 81
87 65 80
78 24 1
99 43 92
84 78 51
64 27 7
93 54 19
71 19 32
34 71 26
97 54 50
89 51 97
61 21 16
82 71 90
28 2 97
76 36 84
1 33 94
76 13 82
74 42 60
52 12 8
96 53 95
1 28 18
98 10 40
42 23 5
35 82 57
17 12 100
69 95 31
95 33 86
79 21 42
68 62 57
84 9 10
55 33 66
95 74 22
26 25 74
91 6 11
36 88 79
25 57 31
60 30 65
24 1 21
56 69 55
23 30 49
83 5 62
95 27 97
91 69 39
25 43 71
4 51 75
22 90 34
10 43 53
26 24 80
92 31 33
92 86 53
67 50 43
25 8 49
49 41 62
82 81 36
92 82 88
94 67 98
93 81 27
21 13 88
43 4 82
82 50 97
64 46 84
33 58 41
75 79 91
26 73 50
19 28 10
64 34 43
92 98 12
82 99 6
73 93 38
2 29 5
67 14 92
65 18 36
52 6 72
94 66 89
54 67 56
77 49 33
78 26 71
86 90 53
32 29 48
78 7 13
50 73 98
86 59 60
5 54 11
21 12 76
18 45 80
70 75 80
97 96 92
5 24 4
34 28 25
86 80 37
88 74 100
59 44 94
91 68 9
96 19 96
22 4 15
42 15 93
73 62 55
15 28 12
68 45 97
41 52 79
82 19 75
74 33 86
76 59 2
33 79 8
71 48 25
96 30 68
89 39 61
79 13 19
82 20 94
35 38 47
44 97 64
77 61 1
21 95 72
76 66 57
91 87 31
94 44 28
87 72 63
76 52 61
65 50 54
56 92 14
39 88 69
2 89 83
91 41 35
71 22 83
96 60 74
4 88 27
88 35 24
66 48 67
84 15 93
3 12 12
94 65 4
5 84 26
35 89 46
95 3 4
40 63 98
27 80 40
34 61 63
27 15 5
37 73 88
2 65 22
90 88 30
23 24 58
79 38 77
95 16 47
28 93 33
20 73 33
16 4 36
0 16 99
96 67 98
99 68 59
85 80 72
24 52 63
74 17 87
40 48 90
63 39 93
63 46 23
72 64 1
2 86 62
86 90 73
78 27 5
60 27 71
65 10 37
75 4 89
17 46 57
93 76 57
46 84 78
6 33 22
22 74 5
5 83 95
10 38 63
90 43 38
82 27 69
19 45 30
56 35 43
34 55 19
44 56 58
52 87 54
42 72 95
83 85 54
13 60 28
89 65 14
26 74 51
66 11 97
35 27 40
48 50 46
26 88 20
86 61 75
37 5 99
56 95 72
43 46 43
15 53 86
2 14 71
76 55 29
15 78 46
8 17 61
14 94 23
96 57 98
81 27 100
0 52 61
15 17 27
79 70 66
54 20 75
1 46 84
22 50 81
38 18 31
29 76 36
38 42 2
49 94 37
45 81 74
86 49 10
57 61 39
49 83 9
27 54 45
86 13 49
86 21 8
64 43 10
16 71 77
72 24 76
25 30 24
76 56 40
48 62 98
21 65 37
42 36 83
69 49 70
91 52 30
0 10 74
29 28 39
64 17 26
33 85 85
10 24 54
85 98 99
5 85 99
51 12 57
18 22 55
74 94 23
54 81 73
46 25 68
50 47 76
48 84 46
19 35 28
52 79 13
76 84 52
71 33 15
31 96 99
64 11 7
84 37 71
3 79 5
59 64 100
86 35 52
70 57 49
0 79 25
76 13 44
89 45 11
18 30 96
5 15 77
16 33 37
69 64 95
22 16 57
23 40 16
13 90 50
0 1 77
13 78 18
21 35 46
10 42 93
60 32 97
56 1 97
23 17 50
62 48 41
54 78 64
68 53 74
28 76 56
8 18 30
19 92 38
59 95 99
91 59 70
2 9 85
7 67 87
66 37 21
0 85 1
83 59 48
1 0 83
19 82 14
84 52 62
14 37 10
59 64 70
98 71 90
18 99 70
26 61 34
34 62 87
82 8 34
29 83 81
90 5 96
63 19 78
56 65 58
23 40 31
77 54 74
98 49 15
58 12 61
25 75 40
96 85 68
74 2 92
28 85 2
29 69 7
74 35 53
12 62 82
12 3 69
3 57 56
13 84 7
66 18 19
67 12 78
56 67 82
57 29 64
13 42 3
76 95 86
14 71 15
9 46 51
79 13 73
18 93 29
12 61 19
85 9 15
30 9 58
29 18 69
18 55 34
65 46 9
13 74 10
70 46 61
92 57 73
68 88 47
52 85 22
53 45 16
45 28 34
88 46 87
28 85 54
93 91 92
64 14 68
64 52 67
19 89 16
58 40 53
42 9 22
58 24 81
94 65 11
18 67 19
22 25 29
70 89 9
54 46 14
81 51 75
79 88 34
55 81 4
47 87 36
81 93 85
12 17 62
73 99 74
28 46 95
96 89 75
38 96 48
54 51 42
86 61 6
47 79 84
94 39 32
54 18 28
30 41 33
91 58 73
47 81 48
87 0 6
27 30 47
6 64 86
3 93 37
41 42 33
26 65 86
25 26 61
42 21 29
14 66 49
42 94 39
75 54 71
94 46 9
0 67 50
84 35 23
46 51 73
91 36 47
47 65 41
34 22 56
87 45 27
24 13 12
98 64 18
94 75 87
13 47 44
71 26 99
36 88 39
85 96 71
3 70 78
49 42 30
45 88 33
15 7 2
82 23 55
85 86 72
5 99 24
