// detail: https://atcoder.jp/contests/future-contest-2018-qual/submissions/2104341
1000
80 2 31
98 44 89
74 50 29
40 33 7
90 52 50
3 10 6
31 53 45
29 44 90
96 73 7
7 3 10
35 92 15
30 29 59
39 26 45
15 93 41
17 47 95
40 21 32
93 77 36
99 38 9
24 98 59
88 2 72
29 14 48
19 5 89
39 7 71
91 11 85
61 63 61
51 12 45
42 3 100
22 14 74
21 83 2
53 53 79
0 51 25
20 33 27
93 98 90
6 48 62
61 49 67
51 85 76
48 73 87
61 93 47
19 7 48
21 45 70
34 86 2
39 38 61
7 88 78
81 58 15
55 36 56
38 61 13
7 17 46
26 52 81
92 39 59
25 1 27
26 19 1
67 19 63
60 22 59
6 44 98
45 67 63
72 6 5
91 81 94
35 14 29
71 8 82
68 94 100
2 29 35
98 2 87
61 35 18
40 78 87
1 48 74
48 81 86
18 67 34
1 34 68
80 91 6
72 43 59
81 39 76
59 4 63
10 94 13
23 11 19
34 51 4
7 81 14
2 23 75
43 50 28
66 48 96
14 18 12
81 36 40
6 6 87
11 42 45
11 85 35
20 42 57
62 14 31
64 73 11
39 17 21
31 85 37
48 93 4
14 43 77
1 42 23
26 28 93
64 43 87
69 91 86
40 23 56
18 51 82
12 50 93
48 42 20
19 22 22
97 63 50
88 44 43
58 19 1
34 36 87
38 47 31
71 70 27
82 91 63
28 77 90
22 2 94
84 0 48
3 54 54
18 14 81
37 28 48
43 82 52
55 31 16
95 21 51
62 77 20
40 37 32
59 16 34
7 66 43
96 21 20
0 31 30
80 20 34
97 34 90
26 86 10
58 73 94
74 74 29
90 69 24
28 10 18
22 59 99
94 77 63
5 94 9
32 2 1
86 62 2
17 12 91
30 14 99
69 48 44
87 33 40
14 6 53
43 72 69
59 58 9
35 50 58
74 21 93
1 26 72
93 35 60
74 73 58
80 45 97
19 0 12
2 7 92
70 38 89
56 36 31
79 74 5
93 82 10
33 3 41
53 68 70
19 94 46
27 87 81
42 10 75
72 87 6
44 80 44
13 4 31
51 45 38
41 61 62
55 28 92
95 47 43
56 13 33
89 83 61
46 90 52
55 61 74
3 7 88
46 96 3
66 20 100
57 49 24
79 78 34
84 72 7
89 47 64
32 16 22
73 2 45
30 14 62
79 96 32
64 85 55
21 56 33
36 29 28
90 46 12
9 10 53
27 9 19
92 13 62
10 18 39
13 73 42
5 83 54
38 25 54
39 15 41
26 10 64
74 0 66
36 42 18
57 11 93
92 3 6
90 87 31
70 54 68
63 8 31
38 31 47
21 52 22
58 70 96
12 48 100
55 65 14
96 21 77
68 3 63
49 13 28
48 95 39
23 69 62
73 63 3
80 36 70
19 62 38
96 99 42
97 80 56
6 35 23
17 21 81
38 95 53
68 36 19
66 73 5
83 35 49
34 86 86
44 22 77
91 24 60
86 19 5
68 99 34
72 42 61
63 6 96
28 82 16
50 59 1
51 0 90
80 13 65
40 63 42
17 9 61
93 73 98
21 52 24
95 0 85
85 94 32
44 67 30
53 53 5
17 94 64
76 40 25
17 53 7
40 75 37
39 2 81
0 17 81
98 54 31
92 2 60
63 13 7
58 36 47
35 87 58
37 0 16
97 17 81
73 51 47
17 55 73
48 93 40
98 44 98
96 55 47
21 25 40
51 60 75
65 59 18
7 5 89
26 2 3
65 50 1
0 25 4
84 75 95
34 15 21
14 7 93
49 39 80
11 63 76
23 93 5
53 55 40
76 57 51
84 69 92
37 33 42
97 43 31
43 37 98
45 17 46
54 51 53
25 58 67
56 15 40
27 89 58
43 47 18
11 55 66
44 50 94
76 77 75
98 52 44
49 68 74
25 78 24
59 46 52
87 51 100
84 75 55
52 57 92
31 1 97
60 79 83
32 48 15
52 25 75
78 74 7
70 54 95
13 2 12
81 84 49
13 24 52
66 60 76
86 24 68
30 14 99
47 89 37
38 40 78
9 54 69
77 9 25
40 61 69
60 86 56
80 97 18
48 94 56
78 66 89
39 66 49
54 95 8
8 23 66
58 75 10
81 72 78
27 36 63
74 73 47
54 26 39
12 50 18
28 46 43
28 7 75
36 17 89
20 23 62
17 32 39
3 49 59
93 46 26
87 68 59
40 51 41
42 85 41
57 42 46
90 27 25
70 77 16
35 92 3
89 7 14
1 57 42
55 98 25
80 66 52
39 41 79
84 35 57
34 94 33
95 10 29
63 74 6
61 80 73
43 58 2
70 98 62
92 39 95
99 34 35
63 77 77
94 98 87
46 33 90
59 48 99
17 41 98
32 38 84
83 94 66
99 84 9
50 69 91
17 92 97
62 35 8
98 32 81
52 69 24
19 15 48
83 84 58
3 0 5
11 7 49
58 63 41
16 64 94
15 91 30
43 29 42
40 44 14
38 19 10
17 80 17
7 64 27
18 16 48
98 94 17
33 53 33
95 51 20
67 29 16
34 84 26
94 23 87
53 90 88
91 12 82
95 94 28
32 51 100
61 45 96
93 17 98
13 57 24
9 92 94
94 18 38
41 30 44
91 13 89
40 12 27
60 54 83
35 38 7
52 63 48
20 53 85
20 41 68
28 28 67
10 44 46
41 97 42
91 1 65
31 88 39
58 21 34
16 33 11
15 78 67
17 4 77
46 21 66
53 68 37
76 63 33
69 77 69
28 66 58
88 91 85
42 68 76
56 9 33
98 51 56
57 13 51
47 93 88
16 95 24
76 85 34
75 55 26
6 36 92
65 88 15
0 27 35
82 75 37
1 37 13
80 2 65
81 19 51
29 22 85
28 59 19
34 59 54
51 14 14
50 50 21
88 33 64
41 4 87
16 65 66
51 15 59
11 43 84
16 94 84
22 77 15
54 84 77
96 66 16
28 31 9
70 51 88
39 92 70
1 40 63
64 60 58
19 77 45
60 23 64
70 82 21
30 75 21
6 81 50
87 92 39
18 88 82
4 81 65
71 19 52
61 15 55
68 58 18
4 35 8
79 36 44
52 5 97
88 40 24
14 33 59
20 61 96
24 93 73
23 62 44
80 89 52
12 9 68
13 9 65
3 49 47
89 8 57
95 66 31
85 63 42
88 4 87
40 41 55
59 44 66
45 28 74
11 46 48
39 40 97
29 75 79
59 11 32
12 78 54
86 29 28
89 38 47
2 92 33
65 19 16
13 54 66
99 58 69
20 78 10
9 3 74
81 3 89
10 29 94
55 28 64
48 20 63
85 3 91
74 56 55
62 21 22
81 16 69
13 7 54
10 39 1
91 77 27
1 55 83
5 92 11
39 10 39
52 12 35
50 61 3
78 46 70
2 94 30
52 0 88
67 44 70
40 92 37
10 57 44
36 84 49
55 16 65
91 23 12
30 76 5
34 10 94
98 79 94
78 89 31
44 96 3
95 38 96
41 46 66
2 89 3
91 14 78
54 70 78
5 58 72
65 22 25
83 33 82
23 89 14
43 32 16
60 39 36
93 60 79
16 50 25
46 28 35
49 43 97
16 44 57
16 73 79
6 26 75
78 12 53
14 65 58
52 6 58
34 78 23
42 8 11
46 89 9
94 19 95
37 81 38
85 7 93
4 27 7
37 1 14
8 15 96
73 2 33
67 94 70
77 62 66
21 21 84
46 17 85
17 59 8
80 88 79
15 76 59
12 95 80
98 97 25
9 81 94
62 20 88
23 27 73
72 60 20
72 11 34
56 58 58
22 67 43
6 28 75
17 58 74
74 2 47
90 26 66
41 12 88
90 31 98
97 41 33
82 55 29
59 43 13
72 3 38
22 76 78
82 50 1
66 45 10
61 49 73
26 82 82
1 78 100
93 66 75
7 25 27
57 24 74
46 5 63
8 2 100
56 68 51
35 6 10
87 24 34
35 83 93
7 3 74
94 5 13
13 26 38
10 62 99
51 72 27
27 67 41
47 0 95
73 17 15
31 13 73
37 6 90
41 72 90
81 50 69
47 99 48
50 95 77
62 93 54
99 84 35
30 7 5
40 88 84
98 34 87
6 10 93
40 23 68
95 69 91
9 70 23
58 27 16
93 44 53
18 11 72
8 32 30
85 7 100
85 48 32
6 83 17
29 41 90
55 57 73
9 14 25
63 90 15
12 72 28
36 47 92
78 80 71
62 98 79
10 2 17
15 10 69
6 50 35
6 76 87
26 38 88
80 56 45
94 92 43
15 73 83
19 96 2
40 75 4
93 67 91
58 92 3
56 41 5
56 57 88
27 53 44
41 57 57
4 98 72
73 15 54
36 95 30
81 96 62
14 66 23
31 60 10
96 15 94
32 71 16
40 38 36
2 35 68
39 78 40
92 83 78
32 67 100
84 22 98
73 75 46
43 89 92
12 43 94
34 45 90
63 72 75
3 33 78
18 81 8
9 42 66
69 22 31
45 99 41
57 59 94
96 6 97
70 44 50
91 37 93
74 52 34
97 29 12
50 76 35
22 66 89
37 11 34
27 21 68
8 67 92
0 24 34
96 67 14
78 33 37
75 74 92
15 35 38
32 72 41
19 95 24
6 35 41
52 6 96
63 90 24
29 83 71
48 21 29
47 48 63
98 19 44
45 94 93
97 22 77
43 95 50
74 89 73
68 41 37
93 44 9
65 15 91
13 46 92
21 14 62
9 32 72
78 21 24
27 8 42
48 55 85
19 67 96
74 55 42
98 80 28
39 54 5
1 80 52
53 32 49
48 23 9
62 34 11
25 96 69
96 88 34
95 45 90
24 46 49
42 86 39
50 70 82
81 17 79
67 24 42
19 74 24
40 47 80
23 4 81
85 96 7
20 2 93
94 91 10
62 77 82
3 58 47
57 98 54
74 28 65
32 5 20
27 77 62
57 55 46
57 48 90
15 57 91
32 77 69
89 87 27
69 52 48
7 63 64
77 30 97
73 49 77
16 53 92
87 93 73
78 84 37
11 52 77
39 88 2
56 25 22
32 32 42
38 10 1
19 67 62
45 80 73
96 84 47
13 99 5
46 92 32
43 58 51
37 58 48
71 68 76
62 21 6
75 88 65
82 78 91
38 68 74
11 33 5
64 62 69
77 73 37
97 57 34
37 89 75
38 48 53
53 95 100
33 83 7
14 21 44
29 78 22
61 8 72
5 32 26
46 73 44
26 41 43
86 12 65
72 85 100
90 44 78
85 85 21
74 25 98
45 97 89
25 95 96
15 83 97
9 79 58
96 92 23
9 74 55
57 94 19
42 42 37
91 39 35
91 76 24
98 31 55
75 1 77
2 1 94
47 71 30
15 10 54
42 94 53
55 76 12
66 17 32
26 50 3
52 34 57
8 24 8
73 58 49
50 68 39
93 54 74
8 57 24
89 27 33
83 96 93
82 36 48
12 32 15
23 49 99
74 50 15
37 86 95
69 42 100
5 39 74
61 9 70
85 58 8
55 84 24
17 69 86
11 73 89
60 61 27
81 27 20
40 19 5
6 71 72
29 20 33
80 78 58
19 21 75
25 74 75
7 15 13
22 4 29
29 73 61
6 9 29
73 71 13
1 68 91
65 79 35
36 26 65
38 37 92
28 92 53
14 82 35
99 74 60
54 65 63
23 77 46
58 70 59
51 7 55
92 65 1
31 60 43
87 18 90
95 84 68
37 48 82
8 92 75
94 21 45
0 94 4
75 89 3
36 78 4
6 34 78
84 83 75
52 30 23
92 12 4
70 59 82
95 86 77
64 50 79
84 57 87
10 92 19
97 56 19
40 98 41
33 89 98
37 53 66
54 56 63
99 49 57
88 77 36
69 27 4
73 72 76
25 22 25
91 74 39
3 55 22
51 99 62
63 84 18
84 5 34
11 10 42
63 32 56
77 69 63
83 75 77
15 14 27
12 8 68
20 46 27
74 98 2
88 95 51
42 25 94
65 85 23
17 62 10
81 9 38
69 61 6
76 20 28
92 36 86
35 98 77
50 11 60
54 37 60
40 75 85
5 82 92
69 65 38
54 45 100
17 78 47
77 51 33
21 45 26
21 43 60
12 7 28
64 15 75
10 63 26
97 41 35
53 11 80
61 54 56
90 38 39
33 18 68
77 20 61
74 80 40
34 19 80
72 40 23
64 52 98
63 91 83
74 67 38
12 71 41
0 60 92
17 31 6
21 79 90
7 87 96
61 36 84
33 63 70
2 81 19
4 97 3
58 74 95
56 59 99
77 65 97
20 21 21
48 64 89
21 51 62
33 4 66
2 49 56
46 88 5
68 57 91
69 96 64
36 59 5
11 12 21
38 30 70
46 41 63
10 85 47
28 81 31
4 71 41
84 3 26
86 57 19
94 9 56
6 98 26
57 59 6
84 10 87
41 95 22
43 56 9
93 83 51
5 87 77
60 65 26
70 99 4
79 25 3
49 91 22
14 87 44
84 53 27
41 44 19
91 10 24
66 41 48
64 93 22
15 36 70
79 46 34
0 34 8
49 5 86
31 92 52
0 29 17
12 56 78
24 64 44
5 16 3
49 51 59
56 62 33
28 81 56
99 82 89
10 84 20
66 92 40
33 7 19
72 66 60
78 52 85
91 91 73
26 21 78
78 51 84
96 40 91
0 50 59
96 1 95
28 2 73
58 5 20
51 19 10
84 77 86
