// detail: https://atcoder.jp/contests/future-contest-2018-qual/submissions/2104624
1000
86 25 90
50 23 87
89 98 35
64 2 50
56 21 91
34 49 70
88 49 88
54 98 41
42 89 51
44 98 3
14 80 45
94 17 93
88 46 20
90 56 91
45 98 6
52 73 3
11 51 85
49 17 51
36 79 28
49 8 82
36 45 48
32 97 23
52 9 52
45 46 4
50 45 41
44 56 1
82 90 64
48 80 48
65 12 11
94 58 86
65 39 39
85 54 59
90 13 49
83 47 65
98 13 53
81 99 20
57 39 71
74 14 66
65 88 13
0 14 33
59 5 99
66 27 8
65 12 92
82 54 44
99 99 91
99 97 68
42 84 14
91 37 20
62 38 73
20 67 14
46 90 47
63 71 90
66 32 34
45 16 35
28 75 33
27 75 63
22 66 39
45 5 31
19 15 69
26 51 90
82 92 46
25 36 65
97 83 76
1 80 66
81 97 16
26 10 63
34 35 64
10 45 49
75 48 33
63 44 57
21 87 82
44 10 72
89 3 40
68 30 40
34 21 87
73 11 9
15 40 6
6 92 17
73 72 48
44 97 36
79 81 40
19 27 41
84 84 35
44 37 8
70 66 6
24 23 72
62 2 38
24 48 52
98 62 96
65 71 39
24 45 54
4 36 97
0 62 95
93 89 75
21 18 4
45 83 74
58 49 97
23 29 96
45 55 34
35 68 66
45 19 14
43 67 93
1 66 78
56 71 9
77 69 14
10 50 78
48 0 27
69 54 70
42 48 64
58 6 82
63 12 95
76 95 18
61 25 99
11 44 65
96 2 26
35 46 61
82 35 53
3 87 16
86 76 66
91 1 20
29 43 61
96 93 60
14 48 22
43 96 26
26 84 57
9 73 100
44 54 3
50 23 19
29 7 26
26 37 20
52 17 25
79 82 2
4 47 57
66 68 46
86 39 40
27 77 51
59 77 4
13 94 95
17 26 68
42 67 87
81 88 59
2 38 27
1 47 3
55 5 74
90 78 34
4 11 85
79 49 31
22 67 61
16 39 71
77 9 4
81 9 81
70 32 81
34 84 2
60 73 31
48 4 20
77 70 17
61 13 16
83 63 66
56 59 22
45 33 47
3 24 86
46 21 44
40 20 47
53 17 75
30 66 77
0 21 11
41 86 70
54 16 97
88 98 47
15 14 21
59 89 99
55 4 50
92 2 31
23 37 98
70 55 44
88 0 45
89 56 39
58 4 48
77 49 9
36 5 24
97 25 54
73 94 29
76 75 63
74 55 67
80 65 50
19 84 9
53 0 46
49 26 59
82 48 33
51 25 3
41 56 98
7 26 13
91 44 62
15 12 26
82 62 49
19 78 87
98 5 66
47 83 53
25 95 100
95 91 94
43 72 98
7 80 100
69 20 40
84 75 88
47 85 89
20 67 12
57 10 71
93 0 21
37 94 21
92 29 79
60 96 54
15 19 88
75 22 83
49 50 6
47 61 31
78 47 46
64 5 29
88 38 82
23 50 20
77 17 87
26 77 92
8 71 80
34 32 67
48 45 93
76 8 8
65 46 40
90 59 95
75 75 25
50 72 59
19 92 70
15 98 53
96 70 74
61 86 38
98 91 16
79 16 61
83 59 31
21 58 5
80 87 59
39 51 50
14 58 100
21 62 41
97 80 48
40 80 86
34 51 8
2 39 16
26 96 60
64 14 14
28 98 35
65 35 59
94 4 20
71 47 29
38 77 30
75 29 84
13 43 27
92 34 55
44 78 96
43 13 56
90 50 92
33 40 12
6 32 93
36 93 77
66 10 5
79 11 10
33 98 15
23 51 72
34 83 65
27 68 58
63 98 39
11 81 45
84 52 38
18 69 98
38 77 98
50 26 72
50 65 15
86 57 63
41 14 100
20 46 58
47 26 12
35 20 43
38 2 30
7 95 7
72 15 30
17 32 75
74 84 5
40 24 4
43 24 42
23 70 15
45 64 7
27 71 91
33 3 5
2 12 72
89 43 71
55 14 43
33 71 83
72 93 63
0 54 50
8 92 97
1 62 33
15 9 79
0 92 45
86 31 30
70 19 73
33 98 82
80 35 58
99 90 47
32 20 19
44 74 65
88 72 12
55 48 51
39 74 82
39 2 70
98 94 41
0 2 22
37 67 4
68 75 5
86 2 20
86 83 37
60 56 66
27 45 60
18 62 72
22 94 25
0 41 81
88 48 44
6 79 66
44 54 8
8 20 98
54 69 47
78 53 39
92 26 47
4 18 50
81 82 41
50 62 74
79 15 82
71 98 2
23 27 52
71 16 50
5 19 73
62 64 94
72 91 89
33 55 16
34 84 31
94 25 98
25 41 40
34 29 53
63 30 19
92 2 74
87 21 58
44 46 100
24 19 19
47 25 72
32 93 8
66 37 15
71 29 3
54 93 76
10 71 91
20 46 82
22 80 37
15 46 35
5 90 39
78 70 54
79 78 64
68 2 84
92 44 41
4 21 74
18 80 76
82 81 23
9 4 21
84 25 46
82 64 48
73 61 48
23 93 60
96 22 16
59 89 17
54 75 3
88 65 60
63 97 14
59 70 57
63 16 14
33 42 1
65 86 86
36 19 31
93 28 76
14 69 59
7 23 93
6 2 77
65 96 8
86 19 68
81 14 39
91 60 25
93 63 28
62 94 4
78 18 57
19 42 85
31 96 29
55 99 48
64 57 15
37 68 47
93 26 68
18 2 6
39 2 69
51 21 7
78 45 30
36 75 85
20 93 2
70 55 71
39 73 16
91 27 4
57 56 43
28 69 16
36 7 64
98 27 41
16 27 76
69 24 55
18 75 83
30 64 23
45 70 72
44 79 30
37 48 76
12 41 66
11 97 24
14 0 16
68 69 14
8 1 29
95 17 97
8 73 100
21 27 40
20 30 47
91 39 29
34 61 80
12 4 34
10 58 28
78 4 76
14 9 43
56 37 70
90 49 63
80 29 23
23 91 15
73 38 15
77 70 9
87 34 9
34 43 98
42 32 7
69 30 70
24 54 19
44 11 94
77 48 91
13 54 33
4 36 14
19 84 21
60 48 82
14 27 76
34 69 42
19 48 65
56 58 47
53 99 85
43 29 75
68 0 70
18 21 81
76 77 8
84 23 49
86 9 83
35 57 28
43 10 90
52 5 1
73 4 44
33 51 38
76 23 56
93 39 49
12 96 54
42 5 93
34 35 73
16 70 50
64 18 90
57 0 67
32 63 96
16 45 18
84 90 27
17 55 1
93 40 18
34 70 62
21 48 53
97 18 71
28 57 35
41 69 81
95 19 71
36 8 24
0 96 52
36 5 63
13 64 28
72 23 78
32 30 96
28 83 53
14 82 46
25 35 89
30 43 22
46 22 84
77 57 33
41 81 75
10 32 91
37 84 55
90 56 35
57 9 40
32 67 84
18 69 74
78 75 9
63 53 63
41 67 43
91 95 67
92 38 50
21 65 99
9 24 99
38 82 80
1 73 82
82 61 56
47 6 36
6 63 54
13 47 80
75 96 18
12 46 9
68 12 72
90 11 50
32 56 93
75 87 94
76 9 81
28 59 7
34 91 37
78 33 76
43 8 19
19 81 29
81 26 37
18 33 62
10 92 51
6 62 98
90 31 24
60 84 39
46 47 38
11 25 3
72 37 27
43 94 4
78 13 23
64 41 62
57 5 24
66 65 15
56 28 77
86 88 3
99 83 72
80 20 35
91 70 2
81 46 97
82 67 46
47 75 50
22 26 38
62 3 80
15 80 30
70 55 45
73 33 50
24 91 12
79 45 41
88 20 72
60 23 60
74 31 99
69 9 1
27 11 10
12 37 81
39 65 41
5 21 63
4 55 61
47 58 24
34 15 78
9 34 7
66 2 28
67 88 97
78 48 47
91 46 23
87 12 55
78 87 81
47 30 47
56 3 16
46 27 74
75 82 42
23 65 78
3 46 36
0 72 25
44 27 21
16 60 10
38 7 47
16 3 76
97 62 52
7 57 47
59 68 62
70 50 67
52 68 29
45 84 14
19 25 16
3 50 4
26 40 44
6 8 68
27 59 27
66 73 4
73 96 90
36 88 52
63 74 25
54 64 40
28 93 24
80 44 79
7 41 60
48 28 18
50 53 61
41 43 92
87 33 43
25 19 36
24 83 85
64 40 77
79 72 24
4 25 16
44 94 63
48 59 33
91 25 16
72 33 36
38 22 79
33 14 32
44 3 22
35 3 62
41 90 2
83 16 57
41 46 29
92 97 97
76 39 75
10 81 95
20 52 98
49 73 66
45 93 6
92 7 23
94 9 92
48 7 17
31 55 57
6 78 35
7 93 26
29 57 76
4 34 70
74 62 99
64 39 65
83 38 24
98 49 40
53 98 89
5 75 33
58 79 27
38 61 75
10 42 81
40 63 37
30 35 74
53 67 95
40 84 16
99 95 18
33 55 77
95 1 96
37 24 30
90 46 56
90 36 2
24 1 45
84 43 23
34 68 15
13 0 32
41 65 92
64 6 32
56 52 54
45 15 42
85 3 40
7 87 37
18 10 32
93 63 31
18 62 53
42 46 88
62 29 2
11 43 7
38 26 41
71 34 32
95 26 87
3 99 88
83 27 29
25 95 38
47 48 50
8 93 92
26 14 7
66 83 34
87 21 61
80 16 62
96 94 77
0 45 85
44 62 11
12 6 20
59 84 82
11 64 43
4 30 81
96 92 68
25 29 44
0 63 79
27 50 59
67 29 2
61 47 51
12 11 32
28 61 56
87 54 47
52 76 5
65 76 87
28 0 50
56 22 17
41 44 47
32 85 57
8 92 56
80 97 65
39 39 67
49 15 32
59 38 23
97 48 88
21 9 75
72 86 30
99 52 73
34 71 15
32 96 77
99 26 63
38 19 27
40 26 85
67 79 33
18 44 85
94 91 97
59 58 24
29 36 54
73 28 93
39 5 69
99 17 67
2 60 60
7 6 77
8 81 84
37 52 55
44 81 9
88 87 81
18 20 86
53 17 91
56 65 92
34 48 69
16 15 63
66 63 85
25 87 86
67 98 25
87 92 32
99 29 95
84 51 66
88 28 45
28 49 91
16 98 42
85 74 34
15 21 85
92 78 66
71 10 1
42 51 23
8 13 26
59 57 84
44 97 45
50 28 88
65 85 15
41 56 37
91 82 25
91 72 19
94 54 99
29 60 42
65 93 78
22 67 37
65 57 89
5 41 78
89 12 94
97 74 94
51 30 2
11 51 70
45 17 89
54 12 4
85 15 85
3 85 83
57 43 66
25 23 100
48 86 89
47 2 61
25 97 28
5 25 31
87 54 90
8 24 51
95 11 93
85 20 27
40 33 75
58 40 32
75 73 8
2 63 66
28 98 16
75 76 16
76 27 38
54 16 79
93 96 20
15 30 60
54 63 14
62 54 17
33 67 58
43 30 100
23 32 92
24 80 74
35 67 36
77 9 41
36 86 18
43 65 92
12 60 44
95 48 48
99 13 45
46 42 57
5 80 98
38 31 32
87 16 17
93 80 11
24 24 55
20 26 16
46 90 3
13 31 18
3 28 85
91 72 68
29 36 26
26 72 77
43 98 56
86 56 97
75 66 81
33 18 72
93 26 35
76 47 53
54 92 97
27 82 51
47 96 45
96 64 92
32 98 53
25 77 29
60 60 82
6 38 13
37 70 11
60 45 94
80 0 90
73 19 28
27 63 17
52 86 61
52 26 3
36 48 68
19 68 97
6 63 35
18 48 55
84 37 60
40 87 99
98 16 12
49 6 27
72 45 15
12 8 75
21 1 60
57 48 23
90 88 25
97 74 85
2 55 72
73 43 74
4 59 100
9 54 11
38 87 90
88 94 24
82 41 56
60 44 95
42 74 90
37 50 47
21 1 90
74 47 52
55 99 3
88 55 97
22 59 48
49 66 62
80 49 42
1 62 34
76 42 59
77 31 17
84 67 10
53 35 54
68 11 41
38 33 96
68 94 34
59 38 33
94 40 56
75 4 49
52 67 87
56 98 53
40 78 16
33 4 89
87 69 72
94 28 3
21 42 17
46 80 69
47 17 5
73 30 39
8 56 11
8 48 69
14 12 14
35 45 56
80 35 38
45 72 17
61 47 13
0 54 63
32 6 35
18 9 29
48 67 96
24 72 96
25 26 69
3 80 17
89 86 98
8 13 46
78 49 46
35 12 31
26 8 3
95 76 43
81 43 4
85 34 26
60 3 64
42 67 94
48 5 68
43 11 16
65 71 41
89 40 61
83 13 3
12 45 65
40 77 51
26 22 85
60 51 53
19 48 11
82 83 30
99 87 8
63 30 45
87 30 53
2 39 4
90 2 69
70 95 6
46 2 38
43 22 31
30 83 61
63 46 24
30 7 58
78 31 27
95 49 63
20 53 48
98 24 84
81 17 50
31 96 54
52 83 82
39 56 66
24 80 48
84 71 32
76 19 80
46 12 19
42 75 94
90 26 97
90 92 46
47 96 14
58 79 98
70 25 25
23 39 23
61 18 70
15 83 30
63 69 53
51 35 6
78 89 69
7 9 5
32 49 12
67 77 32
34 73 93
81 6 95
55 70 21
96 81 58
24 75 91
67 74 24
93 43 62
55 80 91
29 63 17
67 91 91
58 94 89
85 28 11
37 29 64
58 43 66
32 82 9
11 30 82
61 65 23
88 21 82
70 79 94
49 52 44
25 88 80
30 85 88
16 39 48
80 77 93
60 35 1
43 70 99
82 65 81
82 53 74
15 70 21
54 15 97
