// detail: https://atcoder.jp/contests/future-contest-2018-qual/submissions/2104871
1000
35 63 22
95 58 18
41 55 41
16 2 91
49 92 37
39 87 55
77 26 43
76 99 38
93 31 90
40 19 73
15 26 5
32 29 90
95 17 71
98 50 84
2 74 51
86 62 38
18 58 49
63 36 22
73 59 12
31 49 75
28 1 84
68 1 24
33 17 64
94 91 71
84 26 24
59 21 26
87 7 70
52 69 62
24 52 38
83 59 71
25 11 16
43 70 50
47 34 74
74 0 46
21 71 15
25 79 58
45 61 86
86 44 43
5 76 80
22 91 50
86 50 6
40 69 28
2 88 57
74 59 88
52 60 55
71 78 99
47 46 21
27 85 46
85 39 68
20 38 95
17 25 44
24 88 98
87 81 3
34 70 39
1 71 50
98 34 85
35 81 46
81 75 46
76 6 66
60 2 78
60 82 51
62 57 35
44 75 20
57 31 45
96 60 24
82 26 62
43 87 6
83 85 5
96 83 98
45 48 83
79 27 27
72 74 89
88 39 15
15 54 7
65 78 51
48 32 63
22 41 28
51 64 16
72 77 98
46 13 22
84 46 28
84 25 5
18 24 87
82 94 88
47 28 34
46 18 55
1 48 52
35 70 55
55 28 11
11 47 45
91 89 74
93 78 56
26 28 1
46 30 9
76 87 48
87 51 37
29 73 7
90 92 66
70 49 24
73 76 45
41 54 25
89 38 53
61 54 98
78 20 38
1 55 66
90 59 31
54 15 25
74 29 75
38 1 98
8 70 77
79 0 100
3 52 24
84 34 50
95 73 98
86 51 54
69 36 38
47 27 91
40 19 9
20 67 26
97 51 38
55 53 32
68 46 68
85 98 51
89 6 73
81 6 43
27 35 26
21 16 13
60 8 44
86 86 82
91 83 86
98 34 31
59 40 21
13 18 6
33 31 39
34 5 22
18 59 61
66 93 33
47 76 83
72 95 93
88 82 8
33 94 63
65 91 20
89 22 67
69 61 65
20 35 86
74 26 51
69 68 28
21 72 91
0 51 6
48 34 93
75 25 84
45 47 38
23 16 15
49 76 38
41 97 80
15 74 89
97 98 70
89 19 15
27 12 23
72 12 41
14 41 36
21 94 37
81 22 89
95 98 58
36 67 93
90 27 76
58 85 25
17 98 37
23 33 7
69 18 36
15 51 52
74 35 83
49 20 4
43 34 100
0 49 48
59 53 100
22 37 86
94 61 28
63 97 44
46 45 9
30 59 5
0 80 48
6 9 80
57 88 8
72 62 52
72 64 97
36 64 81
54 47 29
97 68 38
71 11 39
39 3 23
42 13 23
95 47 17
0 0 92
67 12 97
78 22 100
76 38 81
94 10 82
75 23 13
23 50 13
10 82 99
41 18 86
32 77 50
76 77 18
80 36 12
36 34 83
32 19 94
38 95 21
58 92 94
41 14 38
57 19 45
51 90 19
40 26 95
58 93 46
97 0 62
63 14 22
17 39 37
30 91 32
19 19 88
78 30 74
92 91 11
59 66 59
20 76 94
93 96 9
88 21 27
95 88 43
59 42 79
19 71 76
48 27 29
13 79 19
78 62 44
68 66 50
35 38 82
50 90 86
75 24 91
28 42 18
52 24 32
92 19 89
95 73 21
82 58 87
30 54 45
75 15 35
12 67 56
77 60 51
61 56 53
40 91 48
85 20 86
58 61 56
87 33 91
55 73 41
29 0 28
95 20 84
88 0 57
56 16 23
9 75 12
28 31 11
36 2 30
20 97 39
1 19 94
89 88 30
91 57 95
15 95 8
70 66 84
16 99 92
38 76 5
63 49 34
91 6 3
80 19 19
58 56 51
89 94 2
90 99 13
27 65 7
75 94 28
4 58 66
27 67 51
38 82 22
34 85 18
7 45 30
27 11 86
76 4 40
4 81 73
29 26 1
26 11 12
45 35 56
6 87 49
84 0 100
15 20 75
29 55 57
84 30 2
30 47 55
68 99 91
88 47 25
93 45 42
50 59 19
57 36 51
62 1 59
81 90 59
86 8 85
12 75 27
63 45 97
46 96 65
57 24 84
12 18 41
71 91 3
5 12 9
3 72 67
53 69 77
43 49 5
43 82 39
6 23 73
98 77 1
45 4 64
54 0 13
67 97 84
18 57 100
3 28 97
23 56 51
60 10 24
67 50 95
7 61 43
92 6 96
68 73 62
2 60 56
92 49 20
1 86 73
93 25 93
52 87 2
42 30 15
69 38 15
77 25 2
69 94 87
17 22 39
35 50 85
85 1 69
88 31 8
31 6 25
51 74 26
2 2 22
88 50 77
81 46 83
94 25 83
54 23 56
80 84 12
81 5 23
55 14 87
33 54 47
7 85 33
90 26 52
23 14 40
65 29 73
62 54 52
49 91 77
33 34 9
99 98 23
13 17 17
3 94 89
35 55 44
77 74 62
50 4 100
78 78 57
16 15 3
86 66 99
71 6 24
57 47 21
38 55 35
10 77 57
35 20 68
51 77 75
76 32 81
90 46 35
77 55 4
99 83 84
67 74 99
65 79 36
12 25 56
23 39 67
74 40 28
90 43 6
36 12 86
28 57 82
18 81 8
89 80 93
64 86 20
51 90 51
58 17 89
79 39 100
66 53 94
61 63 7
7 34 60
45 10 19
45 86 65
64 47 99
75 23 93
63 6 1
94 23 98
24 32 74
17 57 74
86 62 5
88 4 66
1 29 47
80 66 77
48 53 5
86 41 71
90 51 17
7 3 95
93 14 41
9 30 3
86 28 54
45 59 25
7 76 91
33 74 42
46 30 41
24 93 18
40 38 39
50 74 54
57 26 7
10 42 38
25 92 47
44 94 39
70 3 95
80 26 66
80 57 78
75 8 21
54 69 69
70 16 93
11 83 2
0 88 81
65 97 82
0 55 30
42 2 37
49 1 91
23 60 60
73 70 18
23 82 19
33 56 74
16 2 77
54 33 59
84 70 16
61 62 30
31 80 50
95 80 7
84 52 16
78 94 4
33 85 14
31 77 54
62 32 42
55 31 54
53 88 70
78 12 32
22 62 99
30 89 38
68 75 50
59 49 52
58 38 9
20 68 96
92 0 94
9 99 31
35 76 97
96 42 93
37 6 88
84 3 33
5 3 44
23 63 50
4 50 31
37 97 41
92 80 68
21 33 60
38 13 11
15 42 14
88 72 34
4 22 91
11 21 83
23 15 66
52 16 38
91 5 50
47 98 27
3 51 10
25 16 21
75 46 91
69 37 9
77 82 39
63 47 76
40 73 24
58 16 13
49 16 65
69 94 9
61 68 92
87 85 22
24 79 7
70 36 76
92 54 79
4 75 82
99 28 6
21 7 73
50 45 83
44 23 48
3 53 53
29 55 17
64 90 98
64 39 16
69 17 38
48 13 63
34 45 42
83 70 14
50 40 62
19 84 88
39 27 57
6 14 31
23 10 47
9 40 33
84 82 90
37 99 38
82 2 33
67 10 79
53 20 84
86 79 16
55 45 54
10 25 13
59 10 4
7 25 51
16 25 53
56 46 36
24 60 89
71 84 83
2 19 18
78 0 42
94 84 32
78 1 43
79 21 5
77 78 37
34 75 78
29 51 33
73 97 22
95 62 67
74 84 62
71 8 7
42 28 11
9 60 89
19 85 72
10 77 26
31 47 83
52 37 57
5 73 69
32 5 4
67 99 23
65 51 65
81 55 14
98 82 98
26 72 63
36 10 14
61 63 68
96 64 63
31 22 48
52 66 83
38 10 24
54 89 62
13 54 82
54 76 23
12 33 66
32 73 66
94 16 64
2 71 43
36 71 83
60 81 30
17 29 37
78 7 20
74 72 31
1 70 4
79 54 35
92 31 32
97 99 97
29 5 51
19 83 40
81 65 19
26 53 74
52 37 48
33 81 74
93 58 2
82 93 94
7 23 18
55 91 41
51 63 83
80 35 72
86 6 25
80 93 55
12 22 65
30 27 18
87 59 98
5 51 42
95 47 13
4 12 61
22 73 22
78 75 91
38 72 50
23 94 76
49 13 13
47 70 19
76 24 97
47 68 33
90 93 60
88 85 89
6 82 95
64 58 21
80 34 48
74 39 56
68 11 13
22 56 39
76 48 25
94 75 36
64 22 53
89 35 30
31 97 35
8 64 13
28 32 3
92 14 37
71 2 86
41 79 5
20 15 85
68 12 85
64 12 8
59 0 84
15 91 47
65 90 90
68 60 95
47 41 25
83 31 82
35 70 21
50 70 91
48 69 21
92 10 86
97 91 53
5 69 33
66 77 24
90 53 13
43 20 20
57 20 22
60 85 29
3 76 43
34 56 78
93 14 70
26 73 81
4 18 17
42 42 73
39 64 55
5 45 65
8 7 51
71 38 97
46 79 26
4 94 63
10 18 61
55 73 11
1 64 81
79 86 3
3 15 79
49 21 69
74 45 32
25 26 50
27 69 77
73 27 42
55 47 72
1 32 72
59 31 39
91 51 29
84 76 69
95 68 24
18 44 59
4 30 97
31 85 93
11 28 52
34 28 85
39 24 40
31 49 31
7 90 38
77 30 95
50 88 51
81 79 2
53 2 84
83 98 65
75 70 48
26 48 4
34 57 24
44 45 100
76 64 67
40 11 55
68 27 48
2 28 45
42 30 97
50 28 74
1 56 27
75 3 27
83 28 43
81 90 74
18 6 44
98 52 16
35 13 92
29 62 19
64 20 43
3 84 66
7 84 77
97 43 90
20 1 9
87 4 84
12 87 85
74 31 23
48 91 26
28 15 16
82 72 42
55 58 84
84 80 92
24 74 54
97 21 11
54 25 99
7 95 57
8 64 23
81 90 37
67 2 41
40 26 70
8 62 72
95 65 44
72 3 25
39 88 61
31 24 11
59 94 67
74 21 21
6 74 56
66 74 16
94 17 26
51 31 49
84 36 60
39 59 61
55 82 93
32 69 77
62 50 14
26 8 9
21 13 6
49 2 89
63 76 92
75 25 34
46 35 5
12 47 89
51 67 36
6 19 87
28 74 6
26 4 72
49 68 57
17 77 19
90 82 35
18 23 31
69 27 5
6 33 82
72 97 4
25 75 42
20 15 95
66 21 76
83 37 20
67 26 58
77 76 59
33 69 13
1 80 92
52 84 40
29 69 89
71 54 55
68 71 41
15 97 10
71 24 62
6 35 87
58 2 2
47 76 58
70 86 29
38 71 96
97 68 32
55 84 100
87 59 31
12 99 3
64 62 80
96 62 46
51 95 46
52 41 83
85 82 94
31 1 16
26 77 1
45 65 30
78 16 88
9 19 77
3 46 4
99 30 15
25 21 25
30 87 77
50 92 75
96 17 3
6 3 59
15 86 70
2 19 45
50 18 94
5 89 24
69 49 96
79 86 100
26 53 28
91 96 91
71 95 74
2 29 100
85 3 64
18 88 8
81 97 12
70 22 4
78 25 46
0 81 44
26 17 79
50 27 51
78 71 91
79 78 72
71 95 90
41 67 87
60 98 9
35 45 90
88 56 32
71 60 19
92 71 15
77 76 60
68 35 77
13 87 18
17 2 20
87 99 75
61 37 6
59 87 31
35 38 20
89 9 19
66 54 12
19 87 55
57 41 20
77 20 33
10 47 12
91 65 44
70 1 58
4 10 24
60 80 32
84 42 86
40 79 27
5 94 81
6 98 16
12 77 6
55 84 65
73 49 41
66 44 21
23 66 56
61 62 45
35 6 55
23 20 100
81 37 42
53 52 1
31 85 68
28 58 72
52 49 27
59 34 79
38 18 99
65 64 14
18 44 33
83 18 40
8 36 5
6 21 48
23 67 45
40 82 60
53 95 9
31 9 14
18 76 20
23 32 3
1 16 21
28 35 9
68 48 15
75 20 70
67 93 76
79 36 68
81 98 84
86 12 70
52 34 36
19 65 43
67 32 52
2 52 6
74 42 33
36 19 35
92 25 23
39 64 64
85 39 88
52 42 35
66 62 5
51 23 49
73 49 31
72 8 36
65 65 42
70 52 42
82 45 27
49 94 35
94 60 71
72 81 74
2 62 91
17 83 91
48 23 20
31 63 71
51 20 65
34 74 100
69 62 35
46 17 45
55 17 69
17 4 11
25 48 16
4 17 94
45 95 30
98 22 77
22 98 30
56 45 75
17 7 87
71 50 20
39 56 93
93 9 14
22 78 20
56 53 63
2 94 51
71 89 27
17 71 41
5 71 67
62 46 73
94 47 45
24 54 99
96 65 9
48 99 34
16 76 92
57 13 93
67 54 99
71 46 19
60 1 80
26 81 33
73 78 64
41 28 32
22 32 100
64 6 30
42 70 38
40 1 43
49 95 59
74 95 93
21 70 2
26 11 54
19 17 85
76 22 69
70 22 49
7 35 82
93 3 96
69 76 24
28 20 1
84 77 34
74 99 84
18 20 6
30 43 22
46 45 37
45 66 96
16 17 27
94 89 61
24 28 93
44 99 95
25 45 39
0 82 41
98 49 71
85 52 3
43 77 40
60 47 59
59 24 11
75 12 51
21 90 36
73 50 72
38 21 69
11 52 99
30 93 11
96 94 65
25 78 66
24 98 60
68 11 29
34 85 76
31 97 34
35 79 40
52 25 100
99 94 79
81 79 73
41 30 2
95 10 78
46 50 82
85 44 40
76 52 87
90 4 37
93 27 56
12 42 15
71 44 70
65 73 85
87 43 20
34 74 82
27 86 76
45 85 95
52 50 83
47 76 21
60 56 91
89 88 100
17 29 89
