// detail: https://atcoder.jp/contests/future-contest-2018-qual/submissions/2104241
1000
64 70 54
28 9 80
44 48 20
58 44 81
52 1 73
13 68 83
1 76 9
63 14 56
8 7 84
18 20 36
29 34 59
51 12 72
99 2 84
79 94 73
71 84 28
86 1 91
52 90 13
24 45 33
95 48 57
98 67 50
43 26 29
31 76 58
22 1 90
48 14 67
99 22 83
83 92 78
75 69 7
93 13 78
23 52 90
26 3 12
15 48 83
81 83 16
44 87 56
70 64 48
1 51 77
93 25 71
50 59 4
26 23 99
43 50 61
98 55 25
68 43 46
78 33 14
31 65 87
14 39 6
69 5 6
6 92 63
1 77 28
66 76 45
55 36 26
84 85 34
2 93 80
31 2 69
49 23 19
10 9 8
84 83 68
98 57 19
40 37 6
98 97 26
97 49 68
1 70 45
88 47 81
0 59 94
73 85 51
84 57 70
44 38 69
67 82 41
24 4 80
54 91 49
75 4 97
54 34 1
1 95 1
74 22 63
27 31 72
74 25 73
15 56 81
36 54 7
57 77 15
27 77 14
65 81 4
32 72 56
97 19 99
50 83 10
16 70 17
53 87 52
16 50 80
7 39 36
68 39 98
90 44 5
33 21 19
34 56 89
6 95 7
16 24 7
21 65 21
18 67 85
37 51 91
63 58 75
34 5 90
68 64 34
5 54 23
41 64 10
38 82 62
75 47 93
92 0 74
73 33 75
15 97 20
13 0 41
14 70 64
91 0 52
99 85 79
20 58 18
31 27 49
58 80 86
23 62 5
45 18 59
1 61 20
15 53 68
14 92 55
82 27 95
46 94 30
57 76 10
61 19 90
3 42 7
73 4 65
81 90 39
36 16 100
52 90 40
79 84 33
11 6 67
63 96 1
54 12 87
3 13 87
42 31 100
16 45 67
13 89 50
50 80 50
16 46 59
95 94 5
90 78 93
77 50 14
23 87 94
53 19 93
78 25 78
99 41 33
0 83 93
20 13 43
83 8 74
64 47 51
42 59 66
82 60 83
94 65 82
33 93 6
73 60 71
57 72 3
72 64 53
73 42 59
59 70 66
97 41 90
87 59 41
90 11 8
74 96 13
42 5 77
51 14 91
87 94 54
72 26 37
18 39 84
98 16 65
7 70 38
17 44 72
39 46 82
65 30 50
10 30 24
90 30 7
76 69 29
15 72 77
12 25 16
53 16 68
57 92 43
43 14 74
22 25 62
52 59 16
56 69 12
4 9 44
60 28 10
77 22 48
83 92 99
61 52 67
3 86 31
14 8 39
54 67 17
50 15 53
92 71 11
60 6 51
12 8 17
19 40 36
58 27 71
95 7 23
22 61 21
42 96 21
85 42 62
73 97 90
27 10 14
4 32 99
84 70 87
48 96 45
50 84 47
42 56 29
15 59 61
41 75 2
32 50 23
37 75 12
36 39 59
27 92 78
69 1 96
19 58 85
36 74 66
23 39 13
21 43 87
33 5 86
76 33 36
12 19 30
23 94 96
22 59 5
86 23 40
69 20 3
80 96 2
76 5 49
36 56 59
10 16 80
25 3 35
20 98 7
42 57 30
13 96 12
36 61 63
8 37 17
73 52 71
84 0 10
84 0 29
34 23 11
71 13 79
16 44 57
70 13 26
33 27 64
20 67 48
37 87 92
33 28 20
42 37 12
9 41 4
72 36 46
78 55 82
66 42 31
80 20 18
6 85 25
91 87 26
7 11 34
9 94 61
84 48 96
91 76 77
67 54 4
53 45 25
27 55 20
29 1 73
17 57 68
74 27 44
95 51 98
33 2 78
70 63 90
85 41 55
86 75 14
1 13 14
61 53 88
47 11 33
53 25 11
8 39 38
40 10 22
52 96 26
79 81 53
73 83 83
35 42 15
65 90 27
59 16 92
54 13 75
3 95 88
12 80 25
67 9 72
99 92 79
33 34 80
35 22 80
8 35 18
5 59 70
18 88 36
84 96 24
93 86 98
94 96 49
38 14 2
28 6 22
58 83 98
83 32 4
94 71 42
12 93 26
4 98 84
18 41 40
36 83 14
95 53 7
81 86 39
78 97 56
78 80 30
96 94 77
19 35 57
79 37 73
29 81 41
72 90 99
12 20 21
9 39 71
8 10 78
91 2 94
65 16 75
86 34 14
96 8 52
7 46 7
83 57 47
88 66 73
66 56 97
87 66 25
82 16 89
59 88 85
46 75 81
10 14 22
45 43 48
74 76 30
94 52 22
14 26 83
71 67 45
5 25 94
44 25 98
50 4 66
25 84 68
67 8 72
26 20 44
25 90 71
72 39 81
14 40 62
3 68 38
53 35 69
87 41 98
34 66 37
71 95 40
29 96 40
9 27 45
50 35 7
39 46 78
21 80 87
60 30 33
83 94 84
28 19 50
99 27 68
21 39 55
54 1 43
31 43 91
41 52 14
17 0 81
78 14 90
91 13 9
11 74 84
51 35 49
3 48 78
37 10 48
24 76 97
52 32 93
82 37 38
43 66 26
19 66 42
3 50 6
60 55 15
6 57 66
18 3 67
94 28 43
13 4 90
66 93 25
84 73 30
44 9 24
18 68 56
58 32 70
54 47 99
19 24 56
33 65 67
31 34 30
26 35 10
95 77 63
83 53 74
17 66 25
23 63 47
38 35 90
57 60 72
44 87 29
91 41 28
34 80 76
5 53 40
47 18 22
14 23 39
93 22 27
96 37 29
74 96 9
56 95 78
77 21 22
58 29 49
28 51 84
82 96 21
45 12 14
32 23 46
72 71 13
98 64 39
92 48 51
0 17 46
66 78 86
45 28 80
65 89 37
73 86 20
55 58 74
6 98 73
15 89 21
63 84 72
65 26 58
83 66 82
45 28 82
38 16 19
35 0 85
81 14 35
56 46 86
40 43 54
12 86 98
25 85 29
25 3 42
61 27 50
22 82 24
55 75 6
38 64 43
2 18 99
88 81 23
33 54 86
33 25 84
51 71 81
31 20 44
53 13 61
77 21 21
82 6 33
11 48 19
27 2 27
11 57 16
99 84 52
6 39 97
3 75 3
13 71 12
90 24 56
62 32 52
29 25 45
25 53 23
37 69 7
14 53 71
57 87 62
12 79 84
39 47 22
64 21 47
18 69 36
21 68 25
63 65 18
22 82 80
71 74 79
76 16 18
90 36 70
79 56 32
97 78 93
72 70 86
30 12 5
98 7 85
87 63 2
29 51 89
0 82 6
29 41 6
52 10 79
51 74 86
24 86 61
51 71 38
32 38 43
32 92 18
75 20 68
94 89 1
16 8 33
81 26 75
26 68 38
34 20 8
7 26 39
19 74 69
24 83 93
11 44 14
93 68 91
35 1 69
38 5 22
25 35 14
0 90 8
86 72 4
0 45 19
82 72 14
79 56 47
46 70 54
8 5 65
19 35 59
84 91 15
16 96 63
86 29 92
72 66 32
61 85 12
36 58 47
95 58 44
24 56 93
22 92 36
15 64 31
49 81 56
49 2 82
36 31 50
3 96 44
69 54 91
62 32 33
42 72 95
65 24 25
62 7 83
22 41 5
74 18 66
61 23 86
76 12 84
30 47 28
97 39 63
0 55 3
2 60 8
3 73 93
83 84 58
78 34 96
46 14 38
45 29 26
25 55 79
52 86 21
96 12 73
14 68 33
62 9 100
80 67 82
44 71 46
20 25 40
28 45 26
88 31 34
37 99 11
37 22 48
71 50 75
87 54 62
67 16 64
72 16 26
43 66 95
56 1 59
80 5 78
39 71 89
42 8 29
39 77 17
22 25 35
52 56 18
7 4 65
31 0 57
23 56 30
0 45 66
86 81 99
52 57 18
17 32 27
86 45 94
80 28 40
94 50 92
38 38 58
24 96 45
41 96 53
68 63 16
6 42 64
63 0 97
18 17 16
64 82 25
91 21 60
18 51 73
17 76 54
38 9 55
55 9 33
1 58 9
65 96 70
58 27 4
30 17 29
90 76 81
23 74 57
33 33 76
32 70 93
80 51 35
9 15 81
9 55 39
64 17 60
54 99 34
2 80 42
56 88 35
91 74 1
73 15 36
45 22 24
4 16 36
16 85 46
82 49 60
70 21 10
37 26 7
21 16 23
23 78 54
34 76 83
58 36 25
34 36 1
45 11 34
62 7 49
71 38 62
35 20 32
29 86 15
72 54 96
41 52 47
60 22 45
70 17 41
0 5 50
68 48 61
59 72 11
76 22 67
58 97 26
61 35 59
69 5 91
68 33 30
29 40 85
1 32 37
36 92 91
55 18 34
12 67 20
18 70 62
4 96 33
76 83 3
21 99 88
86 48 60
50 32 20
67 39 9
76 5 88
21 87 31
76 50 27
39 96 69
86 51 36
76 11 38
44 0 5
29 80 34
49 50 92
78 5 87
14 92 76
11 89 13
21 83 57
2 0 81
76 29 51
66 47 98
24 21 69
82 23 40
51 47 73
54 19 38
86 45 46
40 25 5
40 75 10
70 55 29
28 42 48
24 53 52
83 30 51
41 1 32
18 32 70
83 7 43
40 14 12
19 63 3
35 83 52
93 26 73
35 1 67
87 1 29
39 27 42
21 18 90
87 92 92
61 22 94
35 57 69
67 30 89
17 9 27
45 36 18
47 37 5
25 6 1
65 78 79
88 44 28
1 66 97
22 79 19
58 21 62
5 58 17
4 68 72
25 17 40
49 94 92
71 74 29
32 9 87
91 96 92
15 47 14
88 66 12
92 95 78
8 34 63
3 89 80
35 21 39
76 87 9
86 86 98
36 77 93
15 37 71
32 14 26
70 90 12
3 16 50
7 33 70
62 41 8
76 68 33
49 44 36
48 15 57
30 76 9
63 99 90
19 77 59
54 76 21
37 33 100
68 79 6
36 16 55
86 24 93
90 60 57
60 66 41
82 31 47
16 87 15
50 40 65
60 88 57
11 55 66
87 39 83
33 28 13
30 59 100
2 91 100
63 73 40
80 6 59
65 72 93
21 68 94
32 18 40
88 23 76
45 75 70
74 3 69
21 27 86
75 52 73
47 61 97
62 34 15
25 80 30
45 93 84
73 13 72
89 48 11
73 89 84
71 57 17
30 36 71
18 6 80
73 90 68
20 21 55
97 70 32
72 63 44
93 0 30
86 1 38
97 32 80
75 2 64
36 76 5
80 32 46
44 7 22
50 72 4
16 53 40
64 92 79
26 48 27
40 25 58
34 44 36
80 21 22
0 45 36
51 84 46
97 64 86
86 28 57
69 43 76
26 17 49
45 80 41
1 49 55
37 43 52
47 93 89
10 11 34
0 97 28
15 12 17
94 14 76
40 40 68
70 18 30
29 8 75
34 82 89
81 99 97
81 14 89
94 50 72
97 23 65
70 69 94
48 58 6
79 51 67
12 8 57
34 14 26
69 18 86
61 23 30
45 66 99
31 34 46
28 0 65
4 90 65
3 47 97
36 81 98
16 55 32
22 69 39
87 47 48
63 72 33
33 83 1
35 72 4
42 17 25
7 98 52
49 8 19
92 31 68
76 80 85
35 45 69
98 70 98
60 91 35
98 65 76
32 18 55
64 68 76
93 41 12
73 56 5
27 20 9
20 95 17
80 34 40
95 98 39
32 37 50
53 82 74
37 9 34
23 17 38
11 75 64
39 30 40
73 9 37
11 18 51
36 40 97
18 65 79
83 84 21
16 32 79
73 87 7
38 36 48
18 51 4
71 56 68
53 88 5
0 22 37
2 68 67
99 17 43
24 66 92
55 40 81
64 95 44
32 66 91
33 35 74
36 40 15
94 65 32
29 65 78
74 83 63
31 61 12
12 21 71
11 61 18
3 63 12
23 54 62
24 21 70
61 67 35
10 13 76
52 5 53
11 95 2
14 81 58
65 33 35
79 20 46
67 69 22
56 33 78
50 71 59
70 5 45
55 60 64
75 68 96
36 7 17
18 0 14
63 89 83
54 5 22
27 92 2
24 94 99
13 54 81
98 49 82
41 41 91
57 6 69
41 37 13
86 90 61
29 49 17
55 40 45
42 96 67
37 90 61
43 31 14
65 62 15
15 38 59
82 24 60
23 6 31
61 60 16
9 88 50
88 42 93
29 5 62
36 3 1
15 4 99
77 14 76
55 23 23
45 18 53
2 94 73
57 79 35
14 81 37
98 75 50
58 2 37
21 83 58
0 79 83
5 67 21
61 46 40
2 6 85
93 11 71
44 86 96
20 72 74
27 22 23
64 17 77
96 66 60
86 34 88
65 45 40
70 44 28
52 96 34
42 59 23
99 5 65
79 61 64
41 48 12
31 73 5
60 41 51
91 12 28
27 16 73
97 75 67
78 74 43
68 15 77
87 32 64
47 65 60
12 64 6
96 45 34
76 34 20
82 57 4
77 61 32
6 62 91
50 49 31
45 1 88
21 73 81
82 91 89
41 60 24
38 26 96
22 31 72
39 68 89
94 43 65
86 38 55
45 81 18
20 97 64
29 14 64
18 22 73
0 41 44
78 88 98
27 39 83
83 84 79
19 11 82
89 51 6
70 82 83
26 37 58
71 21 11
60 56 60
32 4 10
99 86 28
45 63 3
67 59 47
72 9 98
86 48 87
82 40 64
5 95 88
37 74 5
33 7 68
34 67 31
70 98 81
69 20 73
54 91 36
3 50 24
83 1 76
60 32 74
24 25 17
96 27 57
69 9 13
70 12 4
35 80 40
16 49 59
64 17 76
14 28 97
75 2 46
