// detail: https://atcoder.jp/contests/future-contest-2018-qual/submissions/2104474
1000
12 76 41
0 10 98
63 36 24
49 59 8
85 6 21
86 70 46
29 28 81
91 98 35
4 75 4
1 56 36
6 10 20
64 50 55
42 32 87
78 99 47
3 52 40
69 0 17
32 11 80
72 95 41
75 21 26
53 43 36
41 9 81
35 43 97
88 68 57
66 91 86
6 51 77
81 35 47
95 35 23
34 69 46
56 81 16
79 89 30
76 36 37
51 84 91
66 68 57
90 81 33
60 66 68
41 13 92
11 41 34
26 58 9
60 7 41
82 26 10
81 9 80
27 37 56
49 55 68
86 15 68
37 52 55
90 21 51
78 15 16
71 15 49
96 97 79
28 38 25
97 31 90
47 56 20
0 33 77
12 92 59
24 72 74
13 89 54
1 70 87
37 4 12
94 10 42
31 78 88
77 68 65
43 89 85
25 90 97
82 37 36
74 66 71
4 47 91
22 30 9
72 27 69
38 7 75
78 0 47
78 69 3
36 82 72
94 81 84
36 88 47
57 66 34
98 63 39
41 37 64
51 56 49
79 52 42
96 52 30
10 47 38
97 4 16
80 85 32
46 10 67
54 33 43
9 62 9
35 87 45
83 37 64
83 27 14
54 57 31
30 98 77
1 26 89
9 60 63
65 65 26
7 42 28
97 44 71
6 17 91
33 8 66
85 74 11
21 14 25
2 26 29
1 16 60
90 0 55
1 0 3
93 17 23
66 23 43
83 33 84
43 48 88
87 97 38
58 16 53
78 35 94
85 63 87
44 6 27
15 7 92
63 52 18
88 87 92
43 66 99
15 85 29
41 59 79
88 61 67
69 79 85
2 23 13
56 8 55
83 22 65
63 68 27
92 27 44
70 46 11
46 15 98
1 10 98
12 91 5
8 3 46
7 46 76
54 61 77
52 79 27
84 7 45
81 99 18
49 49 80
82 18 63
56 23 12
34 48 14
15 91 65
50 75 67
19 3 23
98 85 67
67 18 68
31 9 9
53 67 59
27 10 43
72 73 86
30 51 71
64 67 61
63 84 36
62 34 33
78 62 44
95 98 65
13 15 48
95 72 62
3 81 82
55 35 82
22 78 3
28 89 53
99 34 66
6 51 82
79 69 76
76 22 6
62 79 60
78 6 6
85 35 27
56 61 87
79 8 50
54 40 57
30 50 21
91 96 65
46 7 12
66 16 4
86 27 7
23 40 4
69 91 20
44 90 55
73 90 74
79 74 44
32 72 77
19 93 73
32 18 84
95 79 100
94 19 67
70 70 35
27 3 16
93 85 97
84 33 8
66 65 54
91 67 81
15 34 92
27 67 82
34 38 70
20 21 13
67 50 72
35 3 21
86 99 72
28 86 35
80 82 61
65 66 1
77 51 13
66 26 33
75 43 4
0 93 66
93 20 12
84 64 84
83 31 63
33 52 16
9 87 96
4 47 33
21 16 73
69 90 71
47 48 72
86 7 8
64 33 7
53 82 67
23 43 66
24 29 36
38 91 100
97 57 87
37 18 97
18 79 25
40 24 78
41 84 64
59 44 72
55 16 67
56 3 53
29 81 52
14 44 88
37 78 47
71 50 92
85 49 90
11 93 55
82 13 59
36 29 7
49 12 33
11 30 76
80 88 2
81 55 38
92 4 36
84 3 94
78 70 35
72 74 96
82 44 24
12 21 91
94 40 100
92 65 80
2 73 49
71 91 10
37 51 42
52 66 90
66 98 58
12 5 60
72 77 39
37 29 87
99 15 68
11 34 16
85 0 87
3 82 78
45 54 80
72 82 71
1 77 26
81 93 24
80 82 83
40 20 89
41 12 45
9 72 24
42 26 65
26 67 67
50 63 17
27 67 52
80 47 43
68 36 100
8 18 70
44 78 53
80 92 28
98 62 18
33 83 83
3 30 57
53 22 11
59 78 31
7 0 16
31 60 74
93 73 77
92 48 2
54 98 96
12 46 23
86 52 2
99 94 32
16 24 65
33 62 62
36 49 88
39 37 26
37 96 33
54 5 37
88 41 36
81 49 33
61 88 77
88 20 27
76 55 7
31 15 84
56 60 59
15 3 100
61 15 62
17 75 51
37 32 48
12 58 54
43 35 76
32 72 22
85 48 77
61 10 30
66 53 29
96 45 93
78 73 86
36 67 82
18 44 14
26 98 36
79 11 45
53 35 81
8 24 89
84 77 56
70 0 53
32 98 23
69 41 88
2 34 86
15 7 16
41 61 76
8 59 98
88 29 47
32 13 66
48 88 22
4 41 44
77 13 15
76 86 94
91 4 58
48 77 78
59 38 29
12 14 11
60 76 19
58 29 19
6 47 86
4 21 1
66 45 41
42 38 42
1 65 23
82 64 3
87 40 53
16 20 23
37 83 22
58 44 13
72 19 85
96 70 87
8 34 84
57 82 80
37 17 1
34 11 50
88 25 13
63 71 90
13 37 75
10 67 86
79 8 2
75 17 20
57 52 96
83 74 78
19 30 59
20 79 4
22 50 73
72 17 67
0 56 96
95 30 81
59 45 68
45 25 75
78 9 48
81 24 7
54 52 52
82 44 89
31 40 59
71 35 65
13 54 39
82 22 9
71 62 70
62 71 77
10 74 53
84 42 18
56 41 74
13 18 66
62 18 13
7 11 38
22 88 58
50 32 72
83 43 35
39 57 63
84 39 82
22 72 18
36 47 99
88 62 42
38 47 37
20 67 5
43 64 99
32 40 31
66 7 90
81 48 47
30 17 32
11 76 27
84 40 94
42 18 65
39 81 74
16 12 33
82 10 77
30 43 94
11 52 47
98 3 13
75 55 47
99 5 46
57 27 19
57 36 28
11 1 94
81 40 60
4 50 96
57 46 86
70 0 22
38 47 25
27 33 85
28 14 11
18 87 24
75 6 33
14 72 75
96 19 43
0 30 13
87 41 1
17 18 10
61 29 6
24 19 28
94 77 51
90 30 35
30 63 1
83 76 45
10 90 22
11 21 82
79 85 18
12 40 93
31 11 97
1 57 59
18 51 35
5 67 43
71 53 37
8 17 15
59 51 13
56 7 76
35 97 9
71 92 82
57 82 38
58 59 67
38 29 7
42 65 26
10 52 24
26 40 16
92 71 69
3 0 37
80 75 5
68 13 8
97 94 60
0 48 86
5 13 95
17 70 89
8 64 87
87 46 3
52 9 58
40 26 22
13 54 30
48 25 32
62 17 64
46 92 19
13 57 5
85 68 28
21 75 2
80 42 37
50 93 30
49 63 5
50 57 69
38 87 42
56 4 36
10 55 1
72 9 20
15 21 37
98 67 89
30 19 52
67 80 60
93 45 33
2 60 55
59 96 36
50 75 18
10 29 12
39 58 68
1 55 34
64 35 20
40 51 97
63 67 86
17 18 8
82 10 60
3 8 43
46 13 61
31 65 47
19 35 86
24 38 62
31 66 73
26 76 11
60 9 10
5 43 77
97 80 5
57 75 67
52 36 98
25 2 43
20 33 71
73 68 17
58 39 30
24 33 100
82 56 35
96 90 47
80 88 71
31 34 33
89 9 8
19 19 50
11 53 12
30 53 44
40 34 89
93 94 5
47 20 48
52 75 20
79 3 47
51 92 15
72 89 47
85 84 60
56 39 68
27 13 28
88 52 4
91 56 4
5 87 42
13 84 62
32 84 35
88 87 17
3 60 62
97 5 65
44 2 51
29 84 56
37 67 8
20 64 71
16 88 48
90 93 6
20 6 53
85 0 48
72 68 100
51 71 1
66 38 95
39 94 55
0 23 51
86 76 65
54 12 68
64 19 47
69 13 68
56 77 100
59 59 50
50 57 17
3 86 44
54 1 27
23 77 42
93 37 18
2 81 31
35 31 36
80 8 97
0 29 59
33 10 9
95 27 36
52 50 67
34 30 91
21 47 12
41 88 43
5 76 24
97 1 44
16 24 29
14 70 50
67 50 5
85 68 92
65 75 51
6 88 88
98 68 52
87 14 32
24 39 68
54 95 54
82 36 57
65 26 4
54 38 28
17 14 28
86 83 80
67 23 61
92 46 36
36 46 34
92 76 58
97 37 32
29 13 56
98 50 33
35 0 97
47 99 51
7 81 2
71 1 79
52 57 64
7 62 97
18 46 38
23 73 51
93 57 49
96 88 49
72 35 34
94 32 24
11 45 48
32 76 66
79 68 76
79 92 28
15 69 52
6 27 5
42 59 28
46 1 90
49 11 94
0 99 14
45 5 73
40 43 18
49 86 18
72 91 53
22 61 13
21 28 67
97 13 9
76 52 21
43 65 92
5 30 66
19 26 17
9 81 88
2 75 27
81 57 42
34 70 69
22 71 41
24 28 31
27 3 34
5 16 54
52 44 79
73 91 4
52 0 13
36 13 28
25 66 54
87 63 57
67 42 83
52 21 42
51 28 50
35 92 24
30 51 66
34 50 32
48 8 14
85 29 18
3 33 59
60 99 63
77 87 88
77 38 22
18 47 71
37 22 64
54 17 9
89 53 63
62 38 64
22 39 56
43 29 14
12 49 36
83 38 77
87 5 53
36 53 61
91 63 51
8 58 34
97 31 13
56 61 28
43 45 62
99 55 96
79 81 57
8 6 99
35 54 32
34 14 60
3 53 1
49 18 23
60 61 29
22 93 99
48 56 36
55 87 94
15 35 51
57 4 20
4 83 58
52 73 5
49 63 65
0 53 9
27 94 28
86 86 42
67 57 36
58 7 98
63 27 15
38 66 27
56 46 97
28 45 36
65 8 89
71 73 31
81 48 4
74 28 41
66 29 50
9 37 48
84 93 24
7 36 94
90 58 98
85 91 55
59 46 50
39 21 26
0 43 32
5 24 60
94 36 100
74 72 38
77 47 57
49 44 100
12 5 73
95 81 63
80 96 5
96 15 30
38 74 9
71 9 95
63 26 70
11 13 1
94 16 34
60 55 45
98 10 3
50 27 64
53 5 63
69 72 29
55 98 22
17 83 99
76 6 39
62 33 19
30 1 93
19 48 66
76 20 89
60 98 53
74 88 48
92 65 52
79 94 2
41 3 63
26 24 81
35 31 50
53 83 25
31 67 27
71 81 5
44 40 53
87 95 1
16 43 43
51 84 89
34 30 40
17 89 46
77 93 25
32 41 90
86 54 63
28 90 69
21 21 32
94 35 2
96 1 9
62 10 82
38 84 48
61 66 54
85 14 79
28 94 89
80 12 100
63 48 42
85 35 1
21 77 64
4 87 96
85 68 36
37 62 31
43 94 5
89 25 36
9 43 77
37 40 75
90 14 71
2 33 54
67 24 23
81 64 55
84 4 80
5 47 47
43 91 80
58 37 19
42 21 71
53 76 93
71 31 38
36 14 74
72 83 83
29 70 39
55 9 78
97 5 22
56 51 97
77 94 50
95 32 78
52 7 60
30 61 49
77 57 34
17 48 38
53 33 12
64 61 22
41 50 76
88 92 17
96 97 73
96 94 38
35 88 30
43 67 77
23 99 57
37 78 53
44 80 58
31 50 19
85 13 81
75 54 30
49 64 63
43 34 12
76 81 11
43 29 8
8 10 14
82 41 63
12 51 73
23 44 13
59 65 48
1 11 82
4 7 82
47 41 4
61 80 13
45 8 45
89 48 99
97 23 41
52 50 73
18 63 51
57 26 21
50 31 17
64 22 71
29 39 70
26 8 17
10 21 62
97 67 44
75 81 44
61 62 90
7 49 62
9 33 45
78 90 16
30 58 97
96 28 87
74 60 57
76 18 16
71 89 77
11 68 44
7 29 46
24 36 70
27 4 21
9 67 54
25 48 66
48 80 11
12 1 87
57 1 69
34 85 92
21 83 61
32 98 13
1 18 9
70 53 23
27 16 25
13 12 94
3 51 71
97 23 10
13 46 68
57 50 76
24 90 52
25 53 22
60 24 70
88 71 78
4 78 75
88 85 33
62 91 90
75 31 82
68 71 61
98 66 100
45 44 16
80 46 64
18 49 64
50 0 36
71 62 28
93 93 93
82 25 62
82 42 7
86 96 7
17 4 30
61 62 59
17 43 28
9 24 33
58 17 84
69 59 92
1 4 70
54 75 79
15 63 89
38 10 50
56 41 51
4 48 93
81 89 39
77 1 67
47 31 17
60 24 56
25 13 31
15 85 93
37 63 30
98 46 47
17 79 34
78 0 31
29 1 70
91 88 71
53 24 51
50 54 45
62 2 40
33 13 98
19 41 57
5 67 86
63 30 91
39 7 23
33 69 32
86 78 71
86 81 26
7 9 62
89 34 10
85 36 45
54 84 14
83 59 7
74 24 35
84 75 6
80 61 65
75 17 33
60 23 72
16 94 80
72 59 33
42 16 81
23 78 95
46 85 24
9 97 11
72 12 55
36 2 7
67 27 49
97 14 18
24 72 61
20 38 38
34 11 48
74 79 56
1 8 45
11 81 77
41 66 68
22 88 12
64 80 93
73 52 33
84 45 50
63 99 7
81 73 48
33 22 87
63 45 81
46 82 95
9 56 94
19 3 49
97 2 32
49 56 6
45 61 60
15 90 35
6 38 10
38 30 9
29 55 92
81 59 44
31 65 99
98 11 44
86 12 90
1 13 45
75 79 18
89 88 62
74 95 3
93 40 92
32 71 27
85 90 49
4 16 44
35 18 39
7 94 98
63 76 79
45 52 26
12 10 99
38 87 68
77 54 12
88 85 73
54 13 41
17 48 70
41 44 45
1 87 62
26 82 42
64 11 67
24 48 36
13 20 9
