// detail: https://atcoder.jp/contests/future-contest-2018-qual/submissions/2104704
1000
80 74 29
41 60 85
86 6 7
27 98 68
93 16 15
69 86 2
33 37 40
16 36 76
78 64 79
84 74 89
79 77 60
92 43 90
21 76 11
65 31 33
80 57 68
9 69 3
35 99 98
57 62 36
42 64 39
53 63 97
6 49 33
18 95 22
55 1 74
72 48 58
91 68 54
7 83 80
8 16 96
23 96 23
91 22 63
71 97 80
51 68 61
14 6 83
47 62 10
46 54 69
29 63 52
87 13 42
82 82 29
6 92 95
48 30 1
10 74 21
6 31 52
94 21 28
97 77 63
71 60 69
70 62 63
74 94 34
71 4 10
21 89 63
98 45 24
13 13 24
82 37 36
36 87 24
64 82 43
71 90 84
79 58 23
7 36 78
32 74 37
14 39 71
11 32 90
36 43 24
51 31 65
86 89 24
33 81 23
86 10 60
91 47 62
26 89 32
40 38 57
46 81 40
87 15 99
12 25 56
81 28 87
66 67 60
66 40 70
99 74 56
55 93 12
24 23 40
9 32 44
58 96 53
67 5 98
25 99 75
72 68 4
67 52 30
73 72 28
2 7 50
62 88 65
1 38 36
75 10 93
6 3 94
59 23 33
81 46 10
9 88 42
42 74 7
52 35 89
82 51 99
59 54 26
41 43 56
88 66 15
62 50 37
29 66 13
10 55 30
97 39 27
65 93 67
55 67 62
58 49 4
94 93 60
41 94 50
15 18 28
24 93 81
42 47 39
52 13 9
41 42 28
59 32 13
72 41 62
6 86 77
41 30 18
11 15 58
24 35 20
63 42 38
49 73 94
93 23 47
28 3 55
53 64 55
23 35 9
47 69 54
88 9 33
51 30 11
63 31 80
28 75 26
36 25 48
90 10 7
66 26 19
15 78 31
22 88 67
10 35 81
96 77 67
66 75 34
5 45 44
83 77 40
14 47 76
29 17 87
7 33 73
2 28 91
82 20 79
49 76 43
44 53 97
99 32 99
6 70 51
14 32 13
63 83 50
79 48 79
55 93 72
27 3 50
55 94 97
23 84 3
2 56 70
48 86 72
43 62 16
24 70 95
36 40 2
60 86 46
41 3 20
0 41 84
71 17 51
94 44 86
2 83 87
95 12 77
43 62 45
25 83 87
10 78 71
24 91 11
48 95 56
98 82 29
30 2 63
33 77 70
21 49 19
77 22 88
8 88 29
72 64 25
1 63 68
33 37 11
60 47 27
87 93 97
30 51 49
5 65 58
61 57 33
75 4 35
68 33 57
83 63 51
82 23 79
78 97 67
61 97 13
52 73 31
43 81 4
69 47 72
86 3 24
18 11 8
39 26 60
80 12 5
54 77 32
23 5 18
18 99 2
82 91 16
45 56 85
49 79 71
78 99 34
85 97 8
74 11 13
71 39 72
54 28 33
8 98 44
46 67 24
86 98 49
17 51 13
55 73 3
70 37 95
89 2 14
18 69 28
24 96 42
5 94 61
30 75 11
83 84 59
88 3 60
94 39 49
85 15 94
42 66 39
57 1 50
24 65 27
66 37 77
16 22 19
82 81 5
88 87 24
49 72 37
91 29 35
82 42 11
65 33 2
34 29 31
50 95 94
58 53 11
31 64 95
82 72 82
41 12 59
91 97 29
17 40 95
49 13 20
62 42 71
16 48 5
75 29 41
88 79 87
58 77 82
13 18 56
42 9 58
53 41 31
99 74 84
73 17 37
83 1 30
21 43 12
40 15 17
37 7 44
88 0 34
72 33 68
94 4 23
86 7 52
62 9 49
40 64 75
68 49 13
51 52 79
4 84 82
70 73 4
39 52 3
61 12 42
44 27 89
16 26 14
14 97 42
25 59 35
10 47 99
89 69 6
31 37 96
55 68 97
86 24 32
19 94 3
49 48 45
7 43 38
33 52 24
46 37 56
84 26 26
94 7 74
52 97 84
97 30 76
46 89 60
92 77 3
82 42 51
86 76 59
90 3 52
8 56 65
82 32 1
87 18 43
18 39 18
5 14 98
19 52 19
69 8 55
78 41 23
68 64 43
5 45 98
14 4 52
69 44 42
66 62 99
22 6 19
17 21 39
85 24 76
53 67 25
40 21 43
97 30 63
89 61 69
5 82 74
92 51 83
13 36 71
3 53 38
20 94 3
83 61 68
84 83 88
67 99 79
20 74 84
56 19 15
26 24 2
77 17 72
92 72 18
3 19 89
52 97 62
87 20 75
40 14 17
95 5 26
28 85 31
95 19 78
46 4 65
56 24 30
36 90 25
78 38 37
50 81 65
99 62 50
64 33 55
9 16 6
45 31 20
23 49 80
88 97 54
40 4 63
71 96 74
32 51 31
97 9 24
27 45 72
61 76 71
81 31 34
70 37 89
59 58 94
57 60 89
45 37 42
83 57 78
49 28 67
76 79 83
24 59 55
29 18 87
95 62 21
56 7 67
67 17 15
74 59 39
27 22 39
89 52 73
82 91 36
94 59 96
4 52 100
98 46 79
81 77 41
54 62 46
15 36 78
22 16 41
10 75 70
28 96 58
44 82 55
82 47 75
51 48 4
25 99 56
14 16 72
83 40 30
45 73 61
40 21 64
42 7 76
95 84 32
26 76 4
42 54 12
24 99 31
66 3 62
42 90 85
69 8 48
16 74 36
87 30 24
44 51 62
38 87 41
46 3 65
19 46 24
52 72 10
7 59 89
46 79 18
46 98 32
79 20 100
75 26 58
96 86 47
27 45 4
50 33 60
90 67 48
44 23 45
61 17 84
85 9 16
94 41 99
6 45 54
77 59 68
88 71 78
7 70 8
77 72 28
6 57 74
29 56 13
17 2 23
87 18 4
63 37 18
89 2 46
95 21 48
50 20 75
92 49 97
70 84 54
84 84 93
56 79 100
89 65 33
86 36 44
78 90 42
11 72 82
60 18 16
62 29 52
27 56 85
99 84 55
16 47 66
69 50 82
58 7 59
65 47 38
13 9 86
51 72 78
33 28 25
62 57 67
85 22 56
41 76 71
15 90 29
25 17 37
78 56 88
7 53 66
23 95 19
78 49 68
66 23 85
54 66 4
30 1 91
46 84 29
26 17 79
35 97 58
56 35 93
96 73 17
90 26 76
59 39 63
95 7 74
35 75 1
86 8 25
25 95 17
46 79 20
59 28 84
34 88 46
61 69 15
75 17 51
68 64 41
75 18 63
75 51 78
55 91 43
25 96 90
80 31 88
23 50 95
44 78 46
39 72 99
64 34 39
59 60 6
50 18 45
84 97 78
1 18 29
42 51 38
41 56 40
56 81 39
74 99 15
3 71 34
42 36 47
11 11 65
39 96 79
84 22 26
45 96 82
10 22 33
66 2 28
8 45 64
59 8 54
47 32 62
91 47 95
58 42 62
78 37 55
11 3 56
6 57 35
61 58 33
4 64 25
29 37 70
6 34 39
30 52 51
11 39 65
17 93 76
78 34 2
67 79 86
25 55 47
19 49 89
29 45 98
68 43 16
84 9 11
25 99 56
23 48 33
4 47 65
91 89 65
6 30 25
78 37 86
39 4 30
70 34 33
97 1 8
0 43 97
96 80 32
12 53 83
46 44 32
0 21 56
82 28 8
24 70 63
73 37 7
30 92 6
28 2 13
70 73 95
72 51 5
68 42 57
80 41 78
89 32 41
1 86 84
74 88 7
25 73 79
45 27 54
37 13 89
26 84 52
70 23 19
84 75 18
98 14 34
51 91 77
85 84 53
13 76 54
22 54 62
6 45 1
16 27 25
98 78 77
68 54 58
73 19 10
22 17 12
66 23 22
73 74 30
49 60 91
1 24 38
82 4 31
37 11 26
65 68 49
40 0 37
4 30 38
19 59 13
90 38 60
42 56 79
40 33 72
18 14 68
81 97 2
39 86 98
27 83 56
31 4 50
63 73 24
85 16 92
92 30 49
25 58 34
78 87 49
99 97 79
1 47 2
28 6 4
82 65 92
87 92 24
57 6 35
57 79 31
55 2 65
27 26 85
66 56 87
15 61 47
49 75 87
24 30 58
48 82 68
20 50 52
47 52 39
25 68 100
99 68 9
65 44 96
61 74 69
64 62 51
64 14 52
45 38 65
37 80 77
77 9 98
10 82 100
13 80 22
46 88 36
87 16 41
38 31 32
91 10 4
36 31 68
17 3 84
47 2 15
21 88 36
70 22 7
11 55 10
43 48 42
47 18 22
62 77 99
11 54 55
33 93 18
20 88 79
77 93 27
16 13 26
54 72 1
47 64 95
81 27 77
69 95 63
62 36 61
93 2 27
85 36 49
60 88 43
65 97 82
28 81 10
30 27 36
16 40 94
21 62 61
4 77 75
25 11 99
55 58 100
65 31 39
0 78 78
77 94 32
58 82 68
60 53 94
14 86 69
27 93 97
14 72 41
66 28 7
21 82 25
44 10 87
29 10 51
18 30 97
5 86 94
62 10 81
93 44 25
81 58 26
77 28 13
3 98 7
98 81 51
18 56 13
7 61 20
28 78 91
43 43 57
72 69 8
50 52 10
7 73 85
82 40 72
99 14 30
21 26 13
91 20 97
46 87 31
81 2 50
8 12 14
81 85 63
69 52 60
5 0 94
44 38 9
13 83 64
88 55 95
90 54 53
78 99 24
7 26 83
24 69 51
60 99 9
71 48 3
56 30 63
17 16 27
66 47 83
88 80 52
14 40 48
2 65 59
8 3 87
39 9 27
77 81 79
43 31 87
47 89 36
61 32 26
32 20 39
26 12 53
88 66 94
78 57 77
50 58 82
50 10 46
63 64 69
83 40 83
95 70 64
43 41 39
16 0 9
69 17 46
67 82 39
81 98 44
80 46 72
49 40 74
52 44 80
37 45 16
4 49 81
3 78 43
89 45 73
2 62 5
68 81 42
36 83 76
7 29 67
25 50 95
58 93 78
90 38 98
59 26 56
93 65 16
65 64 5
96 92 54
18 78 32
67 81 60
79 16 62
4 30 64
96 79 47
33 92 33
65 99 55
75 43 84
49 75 64
73 71 20
18 58 38
13 54 73
10 91 13
65 58 23
83 55 97
39 44 34
16 79 20
19 31 94
46 90 83
95 65 7
96 53 93
42 33 20
26 83 26
74 70 49
20 0 89
32 92 89
87 10 32
77 4 93
47 99 28
44 14 12
37 15 27
6 16 6
30 41 23
77 60 9
8 42 57
18 99 32
52 14 99
94 8 56
75 66 97
0 42 35
92 82 70
61 84 56
22 14 32
83 49 99
66 10 51
70 69 63
83 29 48
96 39 48
60 43 8
18 31 51
56 30 100
88 32 79
86 47 59
1 43 86
47 69 13
0 75 99
5 52 98
34 64 61
34 43 91
69 48 89
48 4 84
81 27 20
99 78 26
19 31 70
4 29 87
62 96 71
35 60 69
56 13 27
0 22 14
86 1 90
35 17 47
17 53 40
2 66 43
40 48 98
20 33 69
75 30 36
74 72 48
67 34 89
20 39 39
4 28 53
6 60 25
36 84 15
23 34 77
94 7 78
28 42 60
18 83 81
58 25 40
78 59 30
89 15 31
5 97 15
48 98 39
37 34 89
20 84 50
1 99 44
6 27 13
17 39 93
76 49 4
5 46 4
60 28 49
95 94 17
84 18 38
9 93 10
39 91 56
71 45 100
31 4 74
96 19 80
64 19 77
38 76 96
58 43 100
82 24 7
87 25 91
80 17 82
53 44 35
3 78 96
84 5 5
4 74 90
30 64 57
16 31 23
87 93 90
42 51 51
57 4 68
49 31 21
9 98 35
39 90 23
45 8 42
28 1 72
91 54 17
57 52 8
97 18 42
15 40 72
92 11 94
31 93 75
28 82 75
31 95 24
55 38 75
34 18 71
81 59 93
18 51 45
34 47 100
7 52 61
26 41 59
10 47 27
76 14 16
67 0 67
97 7 60
40 2 15
33 10 48
71 34 82
79 74 61
49 44 94
22 68 31
61 52 2
65 92 92
95 5 5
55 61 7
73 21 92
85 41 46
32 21 43
60 55 8
24 78 74
66 27 18
69 92 80
36 83 3
58 22 11
23 38 53
43 16 21
22 6 54
16 64 4
48 37 48
88 48 98
41 41 62
65 76 79
34 33 17
27 84 86
36 74 67
35 9 84
37 17 40
87 49 73
20 97 64
14 21 56
32 48 36
5 64 82
96 5 10
74 9 31
51 95 23
15 27 38
84 60 29
64 51 32
5 54 40
89 45 27
62 67 60
61 95 84
97 31 11
85 86 5
21 10 56
56 83 55
97 52 71
26 30 62
27 68 98
4 0 11
89 54 8
83 12 43
71 37 1
86 18 97
74 46 75
24 90 89
23 96 19
85 39 94
56 83 38
98 34 28
86 93 79
0 43 33
44 85 46
13 85 47
54 11 82
21 99 32
34 50 26
56 28 52
92 4 16
61 74 77
52 73 4
73 47 26
65 74 4
42 27 53
43 10 12
72 31 76
12 35 32
53 11 32
49 77 13
27 55 40
64 30 12
16 8 60
90 81 12
56 3 26
28 92 24
20 13 66
87 67 74
87 49 40
92 99 63
19 71 71
60 38 67
11 25 45
41 74 3
52 29 51
64 3 80
6 72 67
8 29 65
94 40 89
13 77 29
19 24 57
97 71 58
41 96 66
6 64 68
26 26 40
63 35 39
23 23 47
60 86 28
43 58 90
6 13 46
78 98 96
16 22 51
93 2 59
40 70 8
