// detail: https://atcoder.jp/contests/future-contest-2018-qual/submissions/2104180
1000
79 51 68
86 87 91
80 96 19
16 14 88
2 26 5
97 51 57
14 79 91
63 7 17
65 98 96
42 19 13
37 74 30
58 36 76
43 34 5
36 60 69
61 89 25
32 32 83
28 30 98
47 1 28
44 63 92
98 68 37
95 85 78
6 79 41
58 91 91
29 1 18
52 25 67
69 49 19
92 33 14
13 14 90
15 90 21
2 14 21
31 92 67
15 41 76
91 55 11
31 21 42
39 99 77
80 95 24
8 22 62
73 6 83
23 82 72
35 91 37
67 56 78
70 45 10
98 37 85
91 78 95
8 8 60
19 21 16
60 82 43
44 41 40
59 58 34
31 39 7
51 3 65
21 64 66
11 69 2
67 29 59
39 17 45
67 65 99
23 51 9
56 75 57
41 70 16
85 58 35
23 67 46
25 87 23
30 34 45
94 8 100
61 40 54
84 5 72
95 92 94
35 8 36
45 95 29
55 27 42
50 26 59
14 44 63
60 61 31
69 84 79
54 76 44
9 42 83
50 57 13
91 90 67
41 35 7
10 27 40
94 22 8
50 91 83
88 94 44
91 24 45
41 73 56
15 28 80
39 36 54
93 5 71
76 59 84
92 73 10
3 50 82
91 22 63
71 4 33
61 68 49
39 59 81
68 97 18
11 26 55
27 18 92
33 1 18
84 21 33
46 96 22
34 88 75
63 50 99
40 91 25
94 78 16
5 1 47
37 8 10
66 28 48
2 76 80
37 5 22
45 34 31
47 62 73
74 52 19
6 52 48
66 71 83
77 80 41
23 28 48
71 47 61
23 80 69
74 32 13
42 73 46
77 95 58
94 94 64
43 78 50
75 78 4
9 47 58
12 72 44
39 14 25
21 74 88
17 24 83
51 0 68
6 11 80
2 89 77
25 83 34
77 80 51
98 96 17
4 14 34
11 9 61
16 3 60
68 3 69
17 24 71
81 39 26
29 16 68
24 7 59
81 87 37
57 9 35
74 23 79
71 60 11
49 40 92
7 90 9
20 81 34
55 55 60
63 43 89
72 16 28
49 80 55
22 30 70
71 59 42
72 94 81
90 46 12
60 32 100
34 22 27
59 51 74
72 73 80
77 94 67
93 49 8
98 22 81
3 74 11
69 83 32
14 95 88
53 12 57
95 3 12
36 38 42
1 90 30
81 97 5
37 94 13
75 79 46
20 92 25
31 4 6
89 12 87
95 92 4
33 19 62
23 29 92
2 4 59
13 97 80
98 69 25
6 79 90
66 86 17
42 80 21
32 64 47
53 47 74
55 6 46
73 48 79
90 14 13
21 73 23
34 7 96
92 80 36
81 30 34
44 76 7
34 91 87
88 38 13
45 96 5
85 5 39
34 25 22
46 63 13
24 45 14
94 8 74
25 87 32
58 72 65
87 11 78
86 86 5
39 2 77
0 23 25
65 96 50
4 5 56
61 35 68
21 67 32
93 40 84
60 63 52
28 34 72
40 45 95
61 95 87
64 54 62
36 24 70
36 29 60
24 21 30
76 97 38
97 66 92
46 93 47
21 79 87
25 19 90
0 25 99
55 90 11
69 44 29
6 32 91
62 57 12
71 36 43
69 52 38
34 90 80
50 15 3
40 43 76
22 11 6
27 83 5
8 69 79
19 7 1
56 38 82
48 84 37
35 50 91
44 3 15
52 66 83
19 52 76
55 29 2
53 84 22
85 82 22
54 10 68
11 97 46
84 25 53
45 2 32
13 52 94
32 25 56
38 75 18
69 89 18
50 11 26
46 3 55
60 63 50
62 28 88
23 33 54
69 15 89
77 74 98
44 89 25
8 68 7
13 94 55
4 85 22
50 8 34
67 85 23
98 85 40
29 98 25
53 9 93
49 69 8
76 92 63
67 6 23
1 38 83
95 94 70
95 58 44
66 20 73
20 2 78
66 79 90
58 15 39
0 2 60
61 64 73
94 28 94
6 30 3
11 13 48
87 50 39
17 34 41
81 87 37
20 29 68
30 57 61
73 56 92
31 1 84
23 81 31
44 48 31
50 7 38
17 56 37
30 79 77
98 88 82
98 66 16
70 41 83
5 64 72
80 80 75
11 80 13
11 11 17
8 73 34
10 31 28
99 3 74
78 0 26
31 75 16
10 33 83
68 53 41
95 86 85
59 17 75
63 53 77
24 66 16
7 37 63
95 35 36
35 18 39
9 74 65
93 96 6
6 1 48
77 43 59
76 13 88
49 51 62
0 83 98
44 54 35
57 24 39
53 62 46
47 80 83
2 86 60
20 13 69
69 57 53
29 94 71
57 31 25
75 93 85
21 82 36
88 12 21
77 83 73
67 53 87
49 30 64
23 21 75
75 29 86
40 31 27
92 15 8
11 0 41
61 25 17
8 73 46
47 61 22
86 90 31
96 2 52
13 27 65
7 81 11
97 47 65
46 28 52
56 96 98
60 66 31
79 53 76
17 41 5
65 76 8
53 36 40
55 44 77
22 26 89
43 51 20
30 11 26
52 9 46
41 38 66
24 26 72
47 64 97
23 96 87
60 42 53
50 44 59
25 91 85
75 81 18
56 17 63
11 49 90
50 65 80
6 71 86
89 76 11
15 55 28
27 46 31
2 30 10
14 27 68
67 27 19
8 66 58
48 15 57
9 83 16
54 73 79
54 1 19
14 8 16
95 57 84
4 95 83
34 54 88
0 97 23
22 30 86
61 98 53
28 41 62
54 6 20
12 73 21
99 95 77
91 47 67
99 19 71
82 51 72
22 61 9
69 56 87
40 32 44
93 93 4
13 86 68
54 41 99
11 92 23
9 82 60
58 9 98
3 23 12
15 26 95
81 6 81
0 85 51
33 19 89
77 6 3
20 25 62
99 45 26
19 18 60
49 13 27
49 58 95
89 84 57
79 25 15
9 32 81
87 1 57
48 78 74
81 79 77
57 38 85
36 4 79
86 96 9
82 79 41
1 51 28
56 44 83
32 98 29
35 11 41
81 59 92
69 18 41
86 68 82
50 39 21
57 0 81
78 40 30
6 74 54
87 33 51
29 92 35
38 49 29
95 69 28
91 2 46
34 17 26
68 96 12
59 51 60
54 46 92
2 1 6
99 29 85
87 94 27
41 87 27
6 95 20
0 2 18
93 13 46
35 91 24
4 38 79
89 75 83
38 22 94
90 83 96
23 96 41
90 4 9
66 93 78
46 9 49
92 59 97
42 61 81
93 67 58
29 42 92
53 45 67
91 50 66
80 63 13
71 77 54
77 50 10
37 16 99
46 5 77
77 97 17
33 96 9
60 44 17
38 41 2
49 37 7
42 75 44
59 13 47
36 68 30
90 12 12
71 56 52
59 83 38
15 23 96
97 58 55
4 20 67
43 80 84
99 75 14
50 42 89
55 34 40
30 41 30
34 90 32
97 89 89
12 79 59
64 34 62
11 92 65
36 2 94
27 40 89
93 91 85
98 21 62
10 4 97
45 32 83
66 10 16
70 7 79
78 78 2
25 82 42
99 86 51
24 66 80
46 50 49
88 41 100
94 46 16
27 2 76
9 19 50
26 92 83
49 66 96
62 49 63
34 68 57
43 46 83
11 86 86
64 99 30
34 25 70
16 23 62
63 98 77
73 16 64
92 73 95
15 22 1
84 31 2
86 54 21
43 51 1
80 63 64
37 45 21
67 92 15
60 33 91
34 99 99
33 8 53
40 98 21
88 43 12
85 27 16
28 95 72
96 20 73
8 30 36
60 36 19
90 25 82
27 55 90
57 50 33
3 0 94
68 50 54
27 92 21
52 99 66
5 39 45
43 11 61
65 73 17
10 73 73
81 50 74
39 8 89
22 28 78
83 72 96
78 75 18
19 81 86
15 8 38
53 85 34
84 84 92
76 39 25
63 40 28
68 87 1
27 35 32
79 30 72
35 69 15
49 12 37
90 46 93
78 95 13
35 75 66
87 55 25
44 93 37
0 20 33
15 57 89
17 39 94
54 83 79
13 18 64
19 35 20
55 86 94
32 32 93
62 33 13
35 87 28
7 82 85
35 82 50
29 81 3
95 73 8
46 24 13
34 69 5
49 68 21
52 89 8
43 68 36
87 0 25
23 82 100
13 94 49
41 78 84
14 37 2
17 7 61
33 86 9
80 28 12
55 33 20
7 55 94
77 92 15
14 42 82
25 19 39
55 80 31
64 40 92
21 35 79
66 82 30
94 57 83
27 7 73
13 68 97
80 6 40
2 11 34
16 47 96
20 39 36
69 78 54
78 16 36
20 81 99
41 88 21
11 83 36
32 87 83
56 12 52
42 22 75
38 9 30
5 52 36
30 46 44
94 72 27
76 49 92
84 93 35
45 86 66
19 91 29
98 84 61
13 11 28
84 27 4
26 87 8
6 62 30
63 11 43
77 17 12
56 3 39
91 72 20
64 97 37
9 19 66
1 54 69
22 17 83
16 57 46
70 97 10
84 78 79
5 82 76
70 89 75
17 42 29
22 69 40
55 20 31
67 17 16
89 5 56
8 88 42
7 61 8
13 86 7
76 7 95
88 6 63
8 86 78
91 84 13
40 0 96
43 8 38
15 50 28
41 42 74
70 97 42
81 63 29
14 51 57
22 93 63
92 14 62
15 59 32
38 45 22
43 15 89
46 11 1
70 98 84
26 82 13
21 18 10
21 74 71
96 77 81
56 18 55
33 51 95
23 47 92
96 3 98
99 27 30
0 35 53
28 91 1
20 96 59
97 71 97
52 41 33
61 89 69
88 87 98
34 60 61
6 47 99
39 30 80
15 69 39
27 68 40
18 68 34
80 83 23
43 83 28
45 18 54
59 82 62
29 11 41
79 66 23
39 69 45
49 81 67
79 82 3
5 25 74
40 90 69
82 8 5
75 91 78
80 8 77
45 80 96
18 86 6
98 95 3
64 26 47
89 78 3
56 64 2
25 40 94
80 66 40
40 94 4
36 4 76
45 59 62
15 4 49
18 61 97
44 7 78
71 23 65
22 40 78
49 19 75
76 55 69
30 12 62
3 25 40
2 62 39
74 19 68
85 21 22
1 85 4
52 28 81
16 9 91
75 18 55
73 34 86
48 16 52
93 85 93
34 15 84
4 42 93
86 44 5
97 37 20
56 48 82
71 71 28
35 14 4
71 28 8
32 76 29
53 26 51
63 39 37
29 14 71
67 95 34
35 77 66
86 78 29
35 17 34
51 24 46
71 5 19
36 63 35
76 72 14
64 33 19
1 81 46
30 74 35
11 4 24
94 47 85
38 32 98
26 97 60
42 49 50
5 39 35
65 40 52
83 38 24
67 71 45
94 85 98
83 52 91
99 40 21
69 77 6
34 98 79
84 50 23
54 69 32
69 43 90
58 65 82
83 28 14
47 74 77
87 91 48
0 90 46
69 43 10
76 83 63
29 31 43
20 46 89
1 13 50
13 25 90
55 72 88
56 16 13
7 22 4
76 94 8
31 84 8
77 32 27
22 40 61
27 29 35
39 10 30
72 46 62
27 74 67
5 92 19
5 13 75
44 16 62
6 0 85
35 36 63
81 71 29
70 91 33
29 28 91
0 64 54
30 35 24
89 49 68
41 73 40
89 19 20
52 25 25
46 68 30
97 4 75
67 91 23
33 57 84
81 76 12
75 52 97
21 14 82
38 64 99
17 41 64
70 92 53
56 18 14
8 30 61
8 3 8
79 10 92
48 56 93
84 7 98
75 61 15
23 78 59
90 8 52
78 27 11
11 44 100
70 24 87
17 73 94
51 14 50
36 89 52
37 37 56
6 80 35
13 95 79
85 33 88
55 65 23
9 30 24
44 68 14
92 78 33
53 14 35
51 71 95
65 34 90
54 0 19
43 19 95
76 45 50
68 32 92
99 62 56
71 42 85
73 92 22
38 45 60
23 53 14
0 62 72
84 20 100
98 48 13
51 13 59
76 68 24
64 24 94
41 54 53
26 27 30
10 92 43
68 16 56
59 20 67
81 23 31
25 84 13
39 48 15
43 20 77
73 44 72
98 21 22
66 82 47
61 74 83
42 74 29
4 30 80
57 92 94
39 95 93
40 86 88
28 49 54
38 30 8
0 84 96
18 17 96
81 40 86
20 67 50
95 83 11
84 82 19
82 33 76
83 34 97
79 5 83
81 85 81
40 70 92
75 89 38
80 86 61
84 23 100
55 66 29
90 92 4
77 44 15
35 3 98
79 17 98
46 39 60
60 0 56
5 80 45
5 20 95
20 51 97
58 98 11
76 75 16
68 36 14
79 51 89
13 5 68
94 43 20
40 81 48
48 71 24
91 50 87
31 85 20
56 57 94
18 24 53
34 50 90
82 78 51
46 28 97
14 39 23
77 11 78
22 80 18
49 57 75
87 85 26
76 84 52
41 70 95
95 95 29
62 7 41
77 5 4
44 2 44
74 77 59
11 54 22
42 34 78
23 69 68
78 47 66
64 53 42
99 5 6
2 19 92
94 62 5
84 92 23
14 52 56
31 60 9
14 12 31
77 46 37
17 19 27
61 84 8
22 13 53
9 45 45
85 72 59
67 17 40
17 5 90
2 9 65
59 94 88
57 97 42
58 69 7
16 85 48
12 33 79
44 9 80
70 52 8
58 93 89
50 47 96
91 60 89
47 62 11
62 49 38
20 65 17
11 98 24
38 69 35
58 2 85
8 20 44
57 32 5
57 48 49
99 7 98
93 67 10
65 16 24
37 50 32
88 24 45
