// detail: https://atcoder.jp/contests/future-contest-2018-qual/submissions/2105070
1000
2 14 1
59 44 15
60 82 31
73 99 49
32 64 75
41 36 49
54 56 50
95 94 62
6 59 18
44 84 93
98 0 2
5 53 36
28 77 50
91 45 44
11 43 52
59 19 57
92 77 10
77 29 63
54 54 21
39 0 33
97 16 46
38 22 100
47 27 12
86 60 7
46 10 59
53 31 99
57 94 88
61 99 8
30 21 19
86 98 47
15 89 25
64 94 30
98 73 69
99 12 40
45 53 65
3 78 67
51 1 24
69 29 7
92 36 65
38 55 2
28 8 77
12 71 72
29 29 17
29 55 59
30 58 83
95 63 47
90 27 91
52 35 98
23 46 61
18 72 6
12 7 66
67 71 5
63 80 83
40 21 50
97 69 94
12 39 72
24 44 21
18 95 29
58 76 21
79 89 73
58 11 58
58 17 96
93 10 35
25 32 84
11 97 7
88 2 14
51 58 55
89 41 76
85 94 13
84 56 96
31 31 92
57 82 58
92 86 53
98 66 77
84 46 60
37 54 46
22 17 22
54 75 79
65 69 71
29 73 71
83 56 55
39 94 49
39 54 16
96 96 17
61 53 93
78 52 96
63 48 41
14 62 87
74 24 57
13 39 61
87 10 14
29 62 11
22 45 53
11 45 1
77 73 22
52 93 70
86 87 65
75 66 26
30 16 95
15 12 18
92 26 63
55 9 87
3 79 92
29 56 8
90 52 4
40 37 90
65 69 32
34 27 53
43 59 45
88 46 94
63 54 81
82 66 67
85 22 12
82 49 62
78 4 32
57 32 62
69 90 80
52 50 44
33 58 100
57 59 98
89 15 81
45 13 50
27 55 87
84 2 63
78 30 68
70 3 71
21 86 28
83 66 57
14 58 5
84 49 9
67 28 11
61 40 35
28 33 39
82 30 25
75 85 89
64 74 68
23 10 3
76 36 74
70 6 97
24 78 56
92 90 7
25 17 75
52 64 38
33 42 71
32 39 57
50 55 29
15 97 85
37 8 87
53 38 40
84 91 35
85 51 3
83 37 88
18 97 69
14 59 11
77 90 69
32 91 98
17 67 99
68 56 29
18 55 30
67 19 27
82 15 74
3 95 39
15 49 50
16 32 59
60 1 86
21 7 19
65 21 48
42 67 72
83 17 43
74 12 83
58 98 26
89 79 45
84 74 43
30 17 43
95 48 83
40 55 56
90 97 96
11 49 99
26 87 49
49 20 79
43 88 38
67 58 82
33 71 70
41 37 34
23 35 5
52 47 20
36 43 63
87 31 16
34 94 50
74 10 93
43 82 2
64 34 77
5 75 38
1 54 32
33 49 61
62 88 15
94 74 88
76 13 78
63 56 58
69 33 12
32 6 9
77 45 3
79 6 49
75 47 20
29 35 37
78 1 30
55 19 7
82 80 37
52 67 70
24 48 79
66 83 43
26 16 96
23 56 52
5 83 30
13 66 75
68 47 26
88 85 3
75 14 62
5 50 27
19 72 79
80 55 6
17 9 12
77 3 20
88 2 46
78 97 37
24 16 15
62 84 68
91 83 64
76 38 17
28 68 67
69 4 32
20 72 76
71 43 5
10 38 92
6 0 31
57 97 18
25 28 82
12 57 89
58 89 20
42 41 72
95 96 83
0 19 99
61 58 73
8 0 21
57 99 94
23 85 84
80 19 42
99 3 41
32 57 48
43 9 84
3 29 3
33 15 43
9 53 29
32 43 40
92 17 76
8 2 6
95 35 5
36 9 23
77 43 94
42 68 63
51 18 97
36 52 72
18 71 85
51 14 80
2 48 24
2 54 34
65 24 3
89 48 75
79 67 21
27 3 73
96 67 86
66 28 26
90 3 13
4 37 32
21 91 69
72 34 9
46 75 37
7 24 92
7 9 71
22 57 86
98 38 16
59 55 48
94 83 21
98 59 52
21 61 35
71 68 5
53 7 34
59 28 76
83 36 91
41 59 67
2 68 47
27 53 47
63 9 37
21 78 99
88 48 17
85 86 64
4 83 42
13 16 51
52 86 11
87 76 67
4 0 25
1 43 92
52 94 56
35 8 7
15 32 77
35 71 81
59 98 51
74 84 24
72 89 100
96 75 15
36 23 34
17 17 79
21 34 53
72 33 93
8 69 76
35 45 85
21 17 16
77 28 26
16 30 64
1 76 55
39 3 20
41 99 33
73 98 63
98 61 85
75 34 66
5 66 16
95 37 92
15 75 6
46 6 96
55 1 88
62 20 59
98 33 78
20 14 18
43 62 48
69 23 4
78 2 42
60 58 12
95 53 87
63 71 29
61 42 41
37 65 45
75 83 42
26 24 2
35 85 53
98 52 76
91 46 53
2 15 5
1 95 44
23 67 15
19 35 10
96 59 20
77 6 98
3 41 88
62 52 26
40 72 74
59 97 2
58 72 26
76 6 75
36 83 18
1 52 64
74 54 90
39 86 74
80 21 47
78 88 53
12 40 64
26 61 24
17 64 71
13 8 64
84 20 1
92 88 24
27 49 90
71 35 99
83 1 34
0 79 77
55 80 32
20 64 67
11 57 70
41 31 89
93 61 94
26 2 67
20 35 81
70 98 87
63 88 53
12 90 61
90 17 33
94 58 29
79 11 57
34 28 79
1 86 66
48 78 75
5 4 47
14 27 92
43 32 30
45 4 24
61 99 68
9 51 15
3 99 51
12 47 92
10 86 8
49 69 13
68 62 58
78 7 87
14 23 91
41 98 27
99 81 8
80 20 30
11 39 36
51 45 80
71 40 5
55 4 89
84 94 11
64 77 90
66 83 93
81 95 76
24 9 49
24 13 67
31 77 14
78 85 78
77 64 18
78 7 15
29 59 20
49 57 5
63 82 52
65 14 38
84 30 45
7 27 84
78 47 75
38 71 75
75 6 57
80 87 61
72 35 24
78 99 37
56 22 53
44 8 32
62 66 64
76 41 56
33 17 85
81 0 8
87 38 36
92 74 52
95 30 43
38 40 27
61 6 79
8 51 53
78 81 87
43 23 53
11 46 13
1 47 18
76 38 36
63 38 62
48 11 49
1 49 26
36 24 74
84 62 36
24 72 67
32 50 20
21 44 16
83 28 76
86 94 84
25 62 50
91 45 16
17 60 88
4 77 80
8 54 100
26 74 32
24 24 76
51 44 89
63 42 95
46 65 31
20 62 3
42 11 10
71 40 18
67 7 13
26 75 74
87 13 38
63 4 2
91 9 18
8 74 19
61 28 4
21 71 43
4 31 63
24 13 44
90 55 35
14 57 18
10 72 17
62 76 30
4 30 62
76 76 54
32 34 85
38 10 13
14 93 84
17 69 92
58 10 48
94 73 50
67 77 53
0 45 50
2 46 100
74 17 89
81 28 3
9 39 80
6 99 93
69 0 12
81 40 4
72 4 67
29 57 5
12 9 100
48 32 37
35 36 12
13 87 77
42 83 42
89 49 19
15 35 22
4 45 25
41 19 53
46 77 43
33 92 8
84 69 67
50 8 8
90 18 64
81 56 61
82 86 58
9 83 3
95 61 23
83 55 12
75 7 61
31 89 7
16 27 96
16 58 62
22 86 89
58 25 65
58 70 37
11 6 81
95 84 42
87 85 79
85 1 62
55 75 2
94 59 30
4 12 30
65 13 76
43 87 98
61 84 37
5 72 86
75 11 2
80 36 53
12 76 90
64 31 58
47 67 59
87 64 67
35 1 6
7 46 41
5 52 98
44 73 49
42 80 77
76 27 65
0 14 24
24 39 84
87 1 83
65 43 68
39 74 21
70 17 19
27 15 13
61 22 32
55 68 51
41 22 52
81 71 88
41 87 98
90 58 63
69 20 46
5 87 10
77 52 100
28 19 11
5 96 13
52 39 40
39 16 19
33 46 80
31 84 20
80 98 88
23 27 60
56 5 96
67 3 36
22 78 17
51 60 51
88 23 23
75 89 49
5 51 90
91 36 75
66 74 51
37 97 55
12 52 40
98 96 39
17 32 84
4 17 39
2 29 34
76 90 62
97 52 10
86 65 77
17 65 70
68 1 77
32 32 82
62 39 9
58 90 75
31 5 5
12 1 35
51 36 55
41 37 85
89 40 93
92 73 88
63 81 32
69 96 32
54 19 33
57 40 91
25 65 1
34 13 48
52 74 12
42 66 77
62 27 12
92 43 93
36 17 14
68 42 57
43 62 10
20 5 83
49 41 97
64 63 20
31 2 75
45 40 100
76 21 63
2 7 17
20 62 24
40 68 71
77 4 24
91 91 52
38 32 17
76 40 73
80 98 12
39 61 89
65 91 78
14 92 22
94 41 3
40 0 44
59 9 74
73 34 60
96 40 12
70 7 56
30 47 29
37 22 57
52 81 2
82 22 78
93 63 13
49 44 98
96 45 33
73 17 32
99 54 12
52 90 69
24 42 32
69 31 93
40 4 20
46 35 20
42 24 35
43 80 72
94 47 44
14 74 10
23 57 78
44 38 16
92 0 39
80 58 28
93 71 80
20 56 41
78 50 58
13 78 94
97 56 22
87 58 44
25 10 69
22 46 22
62 96 67
51 1 36
28 9 67
7 97 57
92 74 39
3 83 72
52 10 27
84 47 83
41 5 43
95 2 96
6 71 26
58 5 61
21 27 97
22 32 17
27 37 7
65 95 32
52 22 28
44 17 37
42 78 97
84 57 97
93 33 8
18 1 74
31 34 70
25 29 4
22 30 26
10 57 11
23 76 58
58 90 81
15 9 2
89 63 28
64 37 18
0 76 100
9 56 37
80 81 62
62 27 94
71 22 88
58 32 69
86 8 82
39 82 91
74 50 40
72 42 19
89 61 40
33 22 2
73 48 49
21 90 43
43 96 64
87 44 88
61 78 79
6 78 77
36 61 42
56 35 54
97 8 40
90 20 14
1 85 48
86 32 85
67 12 66
86 43 87
27 87 7
99 58 12
40 83 84
10 97 9
7 64 61
95 24 83
50 53 77
97 33 7
87 75 94
94 39 14
58 50 19
55 29 49
47 45 51
28 50 85
30 38 89
86 79 69
71 72 89
83 83 91
10 30 2
0 12 31
65 46 45
17 52 48
90 99 36
12 48 80
32 22 51
39 14 96
65 48 97
25 70 15
25 75 15
75 45 47
47 94 34
67 10 5
40 60 87
88 96 28
80 59 25
56 51 9
87 71 64
6 82 12
34 87 24
77 92 25
33 62 55
36 65 2
46 65 60
46 46 55
56 24 53
16 45 12
90 16 25
53 88 75
83 41 60
69 80 71
28 10 16
62 55 82
73 91 42
70 10 34
96 41 73
56 97 6
6 65 43
12 87 77
0 27 75
80 53 25
89 24 33
89 65 84
86 94 70
71 43 2
17 20 7
38 4 95
49 74 92
1 10 63
28 16 24
39 9 29
54 93 39
17 28 87
1 7 24
89 70 4
36 35 23
88 42 68
17 9 71
80 78 27
80 88 62
17 61 50
7 94 33
88 64 51
63 0 40
67 37 45
71 60 5
88 65 76
40 87 75
56 69 1
5 74 63
59 84 41
72 31 47
74 29 24
18 95 19
19 72 43
75 50 73
73 9 66
69 92 71
33 77 22
22 51 26
32 83 91
35 51 64
99 95 7
98 44 32
81 17 18
4 21 63
32 28 20
28 79 66
44 90 93
17 86 2
25 99 26
98 86 13
28 31 22
26 76 3
13 75 13
34 35 23
53 29 4
6 90 71
53 4 52
25 91 62
71 29 57
52 73 46
53 83 32
52 76 38
41 53 53
17 62 52
0 10 3
17 64 58
98 66 57
2 92 83
61 50 41
7 2 48
46 61 3
67 28 53
91 48 1
66 65 38
18 36 90
47 72 29
6 1 66
46 54 55
36 51 39
49 91 74
97 81 99
5 18 2
96 33 30
97 26 64
4 79 49
19 84 57
40 61 26
59 1 2
82 47 55
48 31 78
61 42 58
74 16 85
86 13 66
88 98 40
46 56 76
49 42 23
6 64 68
82 56 31
95 38 81
97 23 72
94 48 50
52 36 85
6 77 64
64 33 19
38 52 11
86 60 93
73 80 6
32 89 15
10 79 34
27 79 79
51 36 91
94 41 51
37 94 21
91 90 13
6 89 32
96 91 5
67 9 26
35 24 91
66 62 7
35 42 5
98 79 99
85 60 45
75 44 59
60 96 67
19 82 91
40 73 1
30 61 36
76 7 18
0 63 13
0 28 27
91 2 100
63 40 12
61 21 77
34 68 48
93 7 61
59 16 90
0 73 90
6 52 82
69 22 73
81 32 45
32 75 17
79 69 95
14 56 90
26 79 100
71 96 41
88 83 48
4 41 48
70 47 56
37 32 98
18 94 19
39 80 90
32 2 94
78 61 39
66 45 61
47 21 95
37 35 57
88 28 87
72 24 39
97 9 76
8 42 85
44 43 10
71 87 47
57 39 42
47 57 70
9 38 44
87 23 27
61 0 45
41 77 67
79 14 57
98 82 94
65 17 20
1 69 50
98 76 82
95 27 97
62 41 19
64 10 87
42 57 87
49 47 90
87 3 14
43 39 74
90 59 5
95 29 88
50 55 17
94 36 95
92 13 21
48 26 37
48 62 52
17 3 26
7 16 71
77 14 67
83 55 85
8 52 69
92 67 60
78 14 56
70 48 22
39 4 35
69 39 25
77 42 78
69 73 4
79 88 14
17 73 42
97 58 29
10 84 9
99 56 60
24 17 49
96 47 56
51 68 13
83 55 76
42 53 61
