// detail: https://atcoder.jp/contests/future-contest-2018-qual/submissions/2105184
1000
9 61 78
19 5 74
52 26 96
92 97 86
36 19 36
49 23 20
17 3 92
91 84 67
27 9 47
1 33 74
11 52 40
98 58 86
42 58 69
92 76 74
85 95 52
86 83 53
41 20 29
76 58 24
94 65 25
11 39 97
74 98 41
69 81 93
93 38 9
97 54 13
51 25 75
18 6 37
62 41 27
41 60 14
45 35 95
16 4 94
8 31 67
19 65 26
80 63 62
59 40 93
44 91 14
63 25 81
96 76 60
88 96 99
70 33 39
27 24 47
45 77 35
15 36 24
93 79 61
49 85 44
22 3 2
81 97 17
0 29 58
61 67 29
81 20 36
68 49 33
34 53 87
15 61 11
58 76 3
37 17 94
20 94 39
16 13 41
44 89 84
22 74 43
36 84 11
6 34 17
35 25 31
75 15 33
4 7 43
38 70 22
61 10 60
64 88 21
37 65 8
42 71 8
96 59 27
44 26 78
0 52 43
86 2 93
10 92 80
53 59 54
98 6 67
62 61 12
30 19 44
37 16 70
56 93 2
23 79 4
53 60 29
65 38 19
26 22 9
67 54 97
41 31 54
1 44 66
88 34 99
62 61 55
81 63 84
73 77 57
38 87 14
76 47 100
25 33 69
48 83 87
3 63 66
47 43 33
63 55 50
83 82 46
52 91 47
21 31 23
82 53 93
99 76 15
30 12 32
1 76 59
97 40 99
12 59 99
89 34 68
51 57 23
7 2 6
15 71 57
53 51 3
93 66 78
94 51 35
51 64 79
48 62 80
38 86 90
94 40 80
95 32 98
2 78 97
17 39 22
9 62 42
75 95 73
56 51 22
68 65 56
64 38 18
36 50 43
43 69 17
63 21 32
77 58 20
5 38 36
81 24 60
60 89 50
37 73 68
54 82 83
68 26 23
24 31 95
27 66 76
1 74 71
5 93 42
57 98 38
0 51 14
33 87 42
43 51 97
15 46 78
75 36 88
81 95 43
56 0 28
25 25 73
7 27 98
89 55 44
8 80 76
30 1 79
69 82 87
81 28 28
45 59 68
98 26 86
83 71 99
46 1 46
10 75 74
88 26 8
91 54 97
0 7 67
49 45 83
56 59 61
56 75 73
47 27 67
5 9 2
12 6 32
92 9 27
30 20 27
5 81 57
79 37 22
31 45 100
48 96 82
50 74 60
38 90 74
20 10 49
7 83 65
6 79 49
12 55 99
87 19 26
56 51 79
4 24 86
51 63 30
14 4 61
67 9 80
72 54 67
53 57 58
25 45 46
39 73 59
73 19 38
1 8 25
56 94 71
28 34 67
35 69 95
66 40 27
4 86 18
16 40 2
79 34 10
15 31 54
33 12 52
27 25 45
92 13 97
83 11 16
9 91 21
0 65 89
10 6 6
19 35 35
88 4 80
36 69 22
15 88 11
64 95 70
62 8 92
50 74 75
30 68 23
2 7 97
81 26 70
68 5 73
48 61 25
17 39 22
65 3 45
22 68 24
52 92 44
98 38 58
97 7 33
78 89 15
59 33 98
30 55 91
52 94 84
85 16 35
45 45 17
70 85 19
30 55 1
99 97 16
53 83 89
59 71 46
40 17 73
10 5 54
71 35 49
54 70 75
40 67 24
9 53 41
88 27 23
61 48 82
14 60 37
82 24 73
49 40 71
85 45 47
9 82 41
63 46 51
70 76 86
73 59 31
39 44 31
95 71 45
70 26 70
38 43 46
64 89 59
76 52 78
51 2 70
77 47 19
0 25 82
72 91 73
96 88 49
53 43 81
42 1 70
26 62 67
77 71 40
42 46 5
39 41 72
55 22 5
8 9 45
59 95 94
10 98 36
97 89 3
44 58 47
78 34 99
8 72 88
3 0 77
26 5 27
24 80 51
48 41 67
44 45 82
83 30 7
23 63 65
78 80 30
37 98 36
58 61 55
73 47 98
64 5 10
68 33 38
67 86 66
85 96 49
83 0 14
65 42 5
92 32 57
23 72 21
47 89 8
91 13 20
43 75 95
16 27 88
19 15 45
69 56 78
99 93 32
28 1 99
69 93 20
50 28 63
88 41 34
89 68 45
77 76 21
46 42 22
54 14 21
26 93 75
7 70 77
79 71 27
36 66 36
9 69 21
0 40 95
32 28 87
54 77 95
0 39 81
4 0 52
10 74 35
78 43 48
92 90 6
33 56 18
54 53 3
56 68 55
0 46 50
27 22 87
34 19 17
80 7 32
96 75 72
75 26 93
48 31 27
73 55 51
36 46 20
16 0 25
92 91 72
73 4 55
2 83 53
48 91 72
78 12 84
74 84 29
46 26 75
57 8 38
28 74 39
99 38 24
14 65 20
92 35 17
60 70 72
64 73 44
40 47 88
2 95 44
67 9 63
38 70 22
97 82 31
81 45 78
16 50 93
76 81 27
52 86 25
67 14 62
57 82 54
31 17 9
97 26 27
42 32 30
61 76 96
45 42 1
33 26 26
41 48 71
51 11 67
8 50 57
19 0 96
48 81 36
68 13 66
22 31 20
51 21 19
63 15 6
78 7 45
71 81 36
36 63 35
30 80 7
42 89 77
70 23 80
81 60 43
7 24 77
35 58 43
6 90 75
99 35 44
8 30 91
12 95 67
7 12 19
1 38 34
59 27 43
43 28 99
86 29 56
63 71 31
15 36 24
93 77 21
7 78 93
10 34 7
33 5 76
13 21 49
24 53 34
43 76 79
47 63 10
23 60 7
88 92 60
60 97 60
90 14 83
45 41 8
88 96 94
36 57 71
70 73 56
54 39 66
44 19 61
92 93 62
58 31 66
86 22 90
47 20 9
16 23 8
13 79 60
26 2 28
32 11 54
39 0 88
98 81 54
41 63 26
46 98 69
21 34 58
89 49 22
4 36 38
62 54 98
48 41 8
53 18 65
80 7 30
55 19 79
78 88 42
83 53 58
30 17 73
86 92 93
2 84 54
6 28 76
16 24 47
37 97 41
46 88 93
8 66 39
86 13 63
79 11 62
27 21 31
27 79 85
72 62 50
15 51 35
11 21 80
54 39 96
32 88 39
1 37 66
12 22 52
34 47 27
30 70 21
39 26 55
92 89 46
62 12 36
91 78 38
58 44 93
59 32 75
67 94 24
70 26 85
65 15 58
80 38 63
70 85 29
61 72 96
72 9 51
97 17 24
3 10 7
75 1 26
59 75 16
52 10 77
97 69 48
70 27 22
88 82 75
20 68 94
9 97 73
44 34 71
71 17 78
0 14 17
25 37 62
79 68 64
47 65 23
52 64 4
95 49 83
76 9 36
96 83 90
60 66 5
0 62 89
45 28 94
99 44 3
31 92 38
60 56 62
11 73 51
71 57 34
69 49 86
35 95 56
89 51 32
27 65 72
57 26 54
22 2 85
29 0 68
48 64 5
45 63 54
74 85 11
86 89 57
18 31 14
3 57 34
85 57 94
18 4 28
13 50 78
55 36 19
13 42 5
66 68 33
28 90 80
2 62 14
21 88 77
15 86 96
40 19 93
51 91 44
21 77 61
77 79 14
23 66 50
39 20 95
52 52 11
28 75 68
1 83 43
27 97 64
51 98 12
82 15 65
73 62 99
61 92 39
72 98 59
66 26 97
11 29 16
29 10 35
32 59 45
25 50 9
48 41 81
44 26 82
49 41 52
85 13 59
96 38 8
19 3 25
56 82 58
46 63 16
95 69 36
77 97 4
20 48 60
90 13 99
58 28 73
24 17 33
92 26 64
57 33 20
74 60 4
67 16 16
51 49 79
12 96 5
93 19 92
95 12 66
46 53 26
9 61 76
52 32 66
72 1 38
52 38 37
63 50 38
0 0 80
44 39 12
20 46 80
15 31 46
41 97 15
45 58 28
94 65 100
28 15 85
50 26 96
88 60 59
68 77 70
1 95 60
86 2 15
61 36 16
43 84 49
67 31 5
23 54 28
56 69 33
38 19 86
42 41 61
16 79 34
21 94 2
76 87 3
2 59 57
13 80 77
31 85 79
83 30 96
91 65 54
31 59 9
84 63 24
74 91 9
1 45 58
29 69 91
47 91 92
2 68 96
18 43 90
3 54 35
7 6 12
65 25 62
80 90 83
93 39 72
26 28 16
95 59 83
19 2 64
88 36 40
51 36 98
58 60 17
19 28 57
89 14 33
97 36 21
43 49 80
55 54 100
67 76 41
27 23 85
54 84 53
18 19 71
19 61 37
64 69 78
66 21 59
15 84 62
30 98 71
62 76 54
31 80 83
87 31 61
4 78 85
32 12 45
4 18 96
62 25 76
31 26 28
2 36 81
88 52 40
26 97 26
61 92 56
99 34 87
35 79 78
76 7 39
40 34 10
14 58 14
66 15 21
95 78 98
73 29 92
2 99 27
68 78 82
59 18 21
36 5 32
56 74 94
45 55 20
89 9 3
71 74 95
73 7 30
5 66 62
58 26 6
42 33 81
98 55 30
4 81 64
36 25 1
29 57 89
74 97 71
78 31 21
89 78 73
32 95 19
52 54 53
6 78 80
26 14 42
13 47 1
90 32 29
86 35 97
41 91 51
88 78 17
38 80 43
85 53 3
55 66 8
58 52 75
11 77 95
21 3 44
47 61 51
70 35 100
92 50 44
76 38 52
68 11 24
83 68 99
37 41 9
86 5 29
40 79 28
1 22 6
49 20 89
54 88 18
66 68 93
43 40 51
59 79 76
56 90 42
51 28 10
96 84 10
82 61 57
69 30 57
19 91 76
85 74 19
63 14 71
6 17 48
6 41 49
58 74 74
53 84 90
86 97 95
96 53 84
26 19 75
61 44 86
36 71 50
22 21 6
4 40 24
18 92 12
9 37 91
61 24 35
30 16 47
14 33 42
81 89 69
35 37 43
43 45 74
9 70 71
99 36 54
15 96 45
13 15 6
83 87 64
40 65 96
40 78 76
39 69 39
8 41 80
84 69 51
81 22 48
38 47 68
20 9 89
81 15 21
2 1 19
36 98 3
5 42 73
47 3 68
45 70 2
79 38 43
21 78 75
41 32 41
5 45 88
43 20 4
7 6 11
2 37 69
20 72 91
77 79 28
25 81 20
80 40 78
66 88 19
93 7 85
93 8 17
25 78 54
62 9 70
69 40 45
4 90 81
80 59 67
99 44 100
47 16 99
21 72 53
10 77 33
32 61 100
26 56 77
99 42 42
37 15 71
5 56 42
22 76 98
44 33 77
52 41 64
85 46 93
18 4 54
48 52 80
37 37 27
45 25 82
51 81 18
72 62 30
76 89 8
57 46 97
2 66 92
3 80 21
36 41 11
84 28 39
88 89 11
38 68 67
62 77 99
63 40 100
59 27 80
34 56 58
32 8 6
4 93 87
88 34 58
6 9 85
71 67 1
26 84 21
66 85 22
41 95 70
98 86 74
39 91 1
41 49 33
0 99 21
33 31 44
24 50 82
9 56 16
61 92 74
99 33 91
6 15 72
36 91 14
83 6 55
60 49 91
4 12 8
52 18 16
80 93 54
24 89 36
87 79 87
54 37 95
0 40 59
10 35 35
8 64 9
54 97 73
89 64 2
91 5 92
8 9 22
5 66 88
84 29 27
83 49 13
74 29 70
60 7 57
79 94 78
73 91 55
54 26 44
28 35 73
34 43 22
95 93 29
20 42 22
18 73 54
55 25 16
96 27 69
3 76 5
92 59 12
14 35 66
67 98 41
44 56 42
1 49 54
38 79 84
41 87 66
82 61 69
24 65 67
39 58 47
22 72 7
68 89 85
10 28 59
10 53 45
81 74 18
59 54 24
9 5 49
85 62 90
39 57 99
90 90 18
99 75 88
94 69 32
82 80 61
16 28 99
25 78 82
21 1 35
51 12 12
43 77 54
45 37 11
17 29 80
86 67 39
88 11 26
4 34 53
86 24 22
63 93 25
97 60 85
8 18 57
11 39 26
6 3 99
34 96 33
21 65 52
28 30 9
7 84 68
3 64 15
82 65 36
90 27 32
76 48 78
73 9 12
23 22 29
13 82 56
27 17 39
20 65 60
17 35 64
16 37 24
17 52 2
89 29 75
37 16 77
14 5 49
2 95 57
40 52 56
80 94 50
59 23 48
76 9 1
76 20 93
68 60 59
1 56 5
57 81 94
54 23 67
79 60 13
37 65 18
50 77 31
8 83 44
74 5 77
54 13 68
74 61 44
31 93 46
90 48 87
52 30 72
9 26 72
83 80 64
82 86 92
30 26 44
62 60 78
15 27 99
75 3 16
73 80 63
70 95 68
14 47 65
31 98 95
6 46 58
19 91 26
13 19 28
76 91 83
0 16 34
68 22 22
35 24 75
3 83 47
9 60 33
43 68 87
74 99 29
96 3 62
67 43 84
73 9 85
35 97 37
27 17 80
81 46 26
43 43 22
67 50 11
58 10 79
93 17 52
41 49 93
54 51 61
19 48 27
85 62 16
90 68 34
57 29 91
53 62 70
61 31 4
7 76 1
51 9 34
5 80 40
33 94 49
91 20 67
66 62 99
46 5 29
53 77 83
24 48 29
88 87 56
29 80 66
89 47 76
7 68 87
93 80 30
23 4 22
85 66 57
24 87 48
18 62 27
22 1 100
18 74 9
52 17 41
84 51 62
30 2 74
38 6 95
59 0 73
46 30 21
8 39 83
72 11 1
55 11 66
39 14 47
23 89 42
78 41 64
89 39 54
60 55 65
83 33 29
53 6 10
